# S1-S2 restitution for CRN98 bosch_am cell. Adaptive step
# step: step in S2 interval
# delta: Difference in S2 APD from previous S2.
# d/dt: rate of change of S2 APD
#     S2 S1 APD90       DI S2 APD90    Vpeak     step    delta     d/dt  INa act
    1000    99.48   900.52   99.415  25.7979      100     0.08   0.0008 0.372519
     800    99.48   700.52    99.22  25.7969      200    0.195 0.000975 0.372459
     600    99.48   500.52   99.115  25.7825      200    0.105 0.000525  0.37239
     400    99.48   300.52   98.425  25.7406      200     0.69  0.00345 0.371983
     375    99.48   275.52    97.64  25.7406       25    0.785   0.0314 0.372074
     350    99.48   250.52    96.78  25.7269       25     0.86   0.0344 0.371899
     325    99.48   225.52    95.83  25.7268       25     0.95    0.038 0.371964
   312.5    99.48   213.02   95.325  25.7265     12.5    0.505   0.0404 0.371989
     300    99.48   200.52    94.79  25.7258     12.5    0.535   0.0428 0.371936
   287.5    99.48   188.02   94.235  25.7123     12.5    0.555   0.0444 0.371824
     275    99.48   175.52    93.65  25.7115     12.5    0.585   0.0468  0.37186
   262.5    99.48   163.02    93.04  25.7098     12.5     0.61   0.0488 0.371773
     250    99.48   150.52   92.395  25.6942     12.5    0.645   0.0516 0.371679
   237.5    99.48   138.02   91.725  25.6893     12.5     0.67   0.0536 0.371606
     225    99.48   125.52    91.02  25.6658     12.5    0.705   0.0564 0.371335
   212.5    99.48   113.02   90.285  25.6454     12.5    0.735   0.0588 0.371085
     200    99.48   100.52   89.515  25.6018     12.5     0.77   0.0616 0.370507
   187.5    99.48    88.02    88.71  25.4961     12.5    0.805   0.0644 0.369109
     175    99.48    75.52   87.875  25.2987     12.5    0.835   0.0668 0.366374
   162.5    99.48    63.02    87.02   24.875     12.5    0.855   0.0684 0.360641
     150    99.48    50.52   86.145  23.9583     12.5    0.875     0.07 0.348336
   137.5    99.48    38.02   85.275  21.9561     12.5     0.87   0.0696 0.322364
     125    99.48    25.52   84.335  17.1934     12.5     0.94   0.0752 0.265366
  118.75    99.48    19.27    83.56  12.3026     6.25    0.775    0.124 0.213323
 115.625    99.48   16.145     82.8  8.55512    3.125     0.76   0.2432 0.177626
 114.062    99.48    14.58   82.185  6.19157   1.5625    0.615   0.3936  0.15696
   112.5    99.48    13.02    81.27  3.45961   1.5625    0.915   0.5856 0.134823
 111.719    99.48   12.235   80.645  1.91714  0.78125    0.625      0.8 0.123162
 110.938    99.48   11.455    79.86 0.268134  0.78125    0.785   1.0048  0.11138
 110.156    99.48   10.675   78.875  -1.5028  0.78125    0.985   1.2608 0.0994996
 109.766    99.48   10.285    78.29 -2.43571 0.390625    0.585   1.4976 0.0935708
 109.375    99.48    9.895    77.63 -3.40106 0.390625     0.66   1.6896 0.0876725
 108.984    99.48      9.5   76.875 -4.42118 0.390625    0.755   1.9328 0.0817011
 108.594    99.48     9.11   76.045 -5.45318 0.390625     0.83   2.1248 0.0759376
 108.203    99.48     8.72    75.11  -6.5276 0.390625    0.935   2.3936 0.0702317
 108.008    99.48    8.525    74.61 -7.07318 0.195312      0.5     2.56 0.0674471
 107.812    99.48     8.33   74.075 -7.62734 0.195312    0.535   2.7392 0.0646962
 107.617    99.48    8.135    73.51 -8.19837 0.195312    0.565   2.8928 0.0619427
 107.422    99.48     7.94    72.92  -8.7695 0.195312     0.59   3.0208 0.059274
 107.227    99.48    7.745   72.295 -9.35736 0.195312    0.625      3.2 0.0566128
 107.031    99.48     7.55   71.635  -9.9536 0.195312     0.66   3.3792 0.054001
 106.836    99.48    7.355   70.955 -10.5499 0.195312     0.68   3.4816 0.0514767
 106.641    99.48     7.16    70.23 -11.1625 0.195312    0.725    3.712 0.0489737
 106.445    99.48    6.965   69.475 -11.7832 0.195312    0.755   3.8656 0.0465324
  106.25    99.48     6.77    68.69 -12.4117 0.195312    0.785   4.0192 0.0441537
 106.055    99.48     6.57    67.86 -13.0563 0.195312     0.83   4.2496 0.0418108
 105.859    99.48    6.375    67.01 -13.7006 0.195312     0.85    4.352 0.0395653
 105.664    99.48     6.18    66.14 -14.3442 0.195312     0.87   4.4544 0.0374165
 105.469    99.48    5.985    65.23 -15.0029 0.195312     0.91   4.6592 0.0353132
 105.273    99.48     5.79     64.3 -15.6604 0.195312     0.93   4.7616 0.0333085
 105.078    99.48    5.595   63.335 -16.3319 0.195312    0.965   4.9408 0.0313572
 104.883    99.48      5.4   62.345 -17.0091 0.195312     0.99   5.0688 0.029484
 104.688    99.48    5.205   61.345 -17.6834 0.195312        1     5.12 0.0277116
  104.59    99.48    5.105    60.81 -18.0386 0.0976562    0.535   5.4784 0.0268141
 104.492    99.48     5.01    60.31 -18.3697 0.0976562      0.5     5.12 0.0259998
 104.395    99.48     4.91    59.78 -18.7191 0.0976562     0.53   5.4272 0.0251633
 104.297    99.48    4.815    59.26 -19.0592 0.0976562     0.52   5.3248 0.024371
 104.199    99.48    4.715    58.72 -19.4099 0.0976562     0.54   5.5296 0.0235764
 104.102    99.48     4.62   58.195  -19.751 0.0976562    0.525    5.376 0.0228248
 104.004    99.48     4.52    57.65 -20.1023 0.0976562    0.545   5.5808 0.0220728
 103.906    99.48    4.425    57.13 -20.4362 0.0976562     0.52   5.3248 0.0213777
 103.809    99.48    4.325    56.57  -20.795 0.0976562     0.56   5.7344 0.0206524
 103.711    99.48     4.23   56.045 -21.1286 0.0976562    0.525    5.376 0.0199976
 103.613    99.48     4.13   55.485 -21.4865 0.0976562     0.56   5.7344 0.0193153
 103.516    99.48    4.035    54.96  -21.819 0.0976562    0.525    5.376 0.0187002
 103.418    99.48    3.935     54.4 -22.1752 0.0976562     0.56   5.7344 0.0180603
  103.32    99.48     3.84   53.875 -22.5057 0.0976562    0.525    5.376 0.0174845
 103.223    99.48     3.74   53.315 -22.8593 0.0976562     0.56   5.7344 0.0168866
 103.125    99.48    3.645   52.795 -23.1868 0.0976562     0.52   5.3248 0.0163493
 103.027    99.48    3.545    52.24 -23.5366 0.0976562    0.555   5.6832 0.0157923
  102.93    99.48    3.445     51.7 -23.8771 0.0976562     0.54   5.5296 0.0152665
 102.832    99.48     3.35    51.18  -24.205 0.0976562     0.52   5.3248 0.0147752
 102.734    99.48     3.25   50.635 -24.5469 0.0976562    0.545   5.5808 0.0142778
 102.637    99.48    3.155    50.13 -24.8621 0.0976562    0.505   5.1712 0.0138324
 102.539    99.48    3.055     49.6 -25.1971 0.0976562     0.53   5.4272 0.0133725
 102.441    99.48     2.96   49.105 -25.5054 0.0976562    0.495   5.0688 0.0129607
 102.344    99.48     2.86   48.585 -25.8323 0.0976562     0.52   5.3248 0.0125359
 102.246    99.48    2.765   48.095 -26.1387 0.0976562     0.49   5.0176 0.012148
 102.148    99.48    2.665   47.595 -26.4497 0.0976562      0.5     5.12 0.011764
 102.051    99.48     2.57   47.125 -26.7464 0.0976562     0.47   4.8128 0.011406
 101.953    99.48     2.47    46.63 -27.0527 0.0976562    0.495   5.0688 0.0110443
 101.855    99.48    2.375    46.18 -27.3323 0.0976562     0.45    4.608 0.0107206
 101.758    99.48    2.275    45.71 -27.6263 0.0976562     0.47   4.8128 0.0103863
  101.66    99.48     2.18   45.265 -27.8996 0.0976562    0.445   4.5568 0.0100803
 101.562    99.48     2.08   44.815   -28.18 0.0976562     0.45    4.608 0.0097705
 101.465    99.48     1.98    44.37  -28.453 0.0976562    0.445   4.5568 0.00947216
 101.367    99.48    1.885   43.965 -28.6997 0.0976562    0.405   4.1472 0.00920419
  101.27    99.48    1.785    43.54 -28.9573 0.0976562    0.425    4.352 0.00892634
 101.172    99.48     1.69    43.15 -29.1945 0.0976562     0.39   3.9936 0.00867103
 101.074    99.48     1.59   42.745 -29.4356 0.0976562    0.405   4.1472 0.00841145
 100.977    99.48    1.495   42.375 -29.6568 0.0976562     0.37   3.7888 0.00817255
 100.879    99.48    1.395       42 -29.8756 0.0976562    0.375     3.84 0.00793401
 100.781    99.48      1.3    41.65 -30.0801 0.0976562     0.35    3.584 0.00770983
 100.684    99.48      1.2    41.29  -30.286 0.0976562     0.36   3.6864 0.00748118
 100.586    99.48    1.105    40.96 -30.4732 0.0976562     0.33   3.3792 0.00727035
 100.488    99.48    1.005   40.625 -30.6607 0.0976562    0.335   3.4304 0.00705504
 100.391    99.48     0.91   40.315 -30.8303 0.0976562     0.31   3.1744 0.00685636
 100.293    99.48     0.81       40 -30.9991 0.0976562    0.315   3.2256 0.00665332
 100.195    99.48    0.715    39.71 -31.1509 0.0976562     0.29   2.9696 0.00646565
 100.098    99.48    0.615    39.42 -31.3011 0.0976562     0.29   2.9696 0.00627383
     100    99.48     0.52    39.15 -31.4351 0.0976562     0.27   2.7648 0.00609648
 99.9023    99.48     0.42    38.88 -31.5667 0.0976562     0.27   2.7648 0.00591505
 99.8047    99.48     0.32    38.62 -31.6889 0.0976562     0.26   2.6624 0.00573863
  99.707    99.48    0.225    38.38 -31.7965 0.0976562     0.24   2.4576 0.00557536
 99.6094    99.48    0.125    38.14 -31.9006 0.0976562     0.24   2.4576 0.00540824
 99.5117    99.48     0.03    37.92 -31.9912 0.0976562     0.22   2.2528 0.00525353
 99.4141    99.41        0     37.7 -32.0777 0.0976562     0.22   2.2528 0.00509511
 99.3164   99.315        0   37.495 -32.1519 0.0976562    0.205   2.0992 0.00494841
 99.2188   99.215        0   37.295 -32.2214 0.0976562      0.2    2.048 0.00479815
 99.1211    99.12        0    37.11 -32.2798 0.0976562    0.185   1.8944 0.00465898
 99.0234    99.02        0   36.925 -32.3355 0.0976562    0.185   1.8944 0.00451397
 98.9258   98.925        0   36.755 -32.3786 0.0976562     0.17   1.7408 0.00438209
 98.8281   98.825        0    36.59 -32.4161 0.0976562    0.165   1.6896 0.00424697
 98.7305    98.73        0    36.44 -32.4447 0.0976562     0.15    1.536 0.00412179
 98.6328    98.63        0    36.29 -32.4674 0.0976562     0.15    1.536 0.00399352
 98.5352   98.535        0   36.155 -32.4822 0.0976562    0.135   1.3824 0.00387474
 98.4375   98.435        0    36.02 -32.4928 0.0976562    0.135   1.3824 0.00375105
 98.3398   98.335        0    35.89 -32.4944 0.0976562     0.13   1.3312 0.0036327
 98.2422    98.24        0    35.78 -32.4898 0.0976562     0.11   1.1264 0.00352304
 98.1445    98.14        0    35.67 -32.4785 0.0976562     0.11   1.1264 0.00341078
 98.0469   98.045        0    35.57  -32.462 0.0976562      0.1    1.024 0.00330685
 97.8516    97.85        0   35.385 -32.4125 0.195312    0.185   0.9472 0.0031001
 97.6562   97.655        0   35.225 -32.3408 0.195312     0.16   0.8192 0.00290434
 97.4609    97.46        0   35.095  -32.247 0.195312     0.13   0.6656 0.00272047
 97.2656   97.265        0   34.985 -32.1353 0.195312     0.11   0.5632 0.00254493
 97.0703    97.07        0   34.895 -32.0054 0.195312     0.09   0.4608 0.002379
 96.6797   96.675        0   34.785 -31.6908 0.390625     0.11   0.2816 0.00207153
 96.2891   96.285        0   34.755 -31.3222 0.390625     0.03   0.0768 0.00180018
 95.5078   95.505        0     34.9 -30.4401  0.78125   -0.145  -0.1856 0.00134611
 94.7266   94.725        0   35.285 -29.4057  0.78125   -0.385  -0.4928 0.000993237
 93.9453   93.945        0    35.86 -28.2701  0.78125   -0.575   -0.736 0.000725713
 93.1641    93.16        0     36.6 -27.1009  0.78125    -0.74  -0.9472 0.000527592
 92.3828    92.38        0   37.445 -25.9209  0.78125   -0.845  -1.0816 0.000383788
 91.6016     91.6        0   38.375 -24.7302  0.78125    -0.93  -1.1904 0.00027855
 90.8203    90.82        0    39.35 -23.5354  0.78125   -0.975   -1.248 0.000201855
 90.0391   90.035        0   40.345 -22.3348  0.78125   -0.995  -1.2736 0.00014586
 89.2578   89.255        0    41.33 -21.1492  0.78125   -0.985  -1.2608 0.000105393
 88.4766   88.475        0    42.28 -19.9755  0.78125    -0.95   -1.216 7.60804e-05
 87.6953   87.695        0    43.19 -18.8174  0.78125    -0.91  -1.1648 5.48199e-05
 86.9141    86.91        0    44.04 -17.6707  0.78125    -0.85   -1.088 3.93317e-05
 86.1328    86.13        0   44.815 -16.5522  0.78125   -0.775   -0.992 2.81994e-05
 85.3516    85.35        0   45.515 -15.4562  0.78125     -0.7   -0.896 2.01634e-05
 84.5703    84.57        0   46.135 -14.3838  0.78125    -0.62  -0.7936 1.43557e-05
 83.7891   83.785        0   46.675  -13.329  0.78125    -0.54  -0.6912 1.01437e-05
 83.0078   83.005        0   47.125 -12.3057  0.78125    -0.45   -0.576 7.13427e-06
 82.2266   82.225        0    47.49 -11.3071  0.78125   -0.365  -0.4672 4.98011e-06
 81.4453   81.445        0   47.775  -10.333  0.78125   -0.285  -0.3648 3.44004e-06
 80.6641    80.66        0    47.98 -9.37704  0.78125   -0.205  -0.2624 2.33922e-06
 79.8828    79.88        0   48.115 -8.45095  0.78125   -0.135  -0.1728 1.56989e-06
 79.1016     79.1        0   48.175 -7.54803  0.78125    -0.06  -0.0768 1.02962e-06
 77.5391   77.535        0   48.105 -5.80379   1.5625     0.07   0.0448 4.04288e-07
 74.4141    74.41        0    47.33 -2.57115    3.125    0.775    0.248 3.99754e-07
 72.8516    72.85        0     46.7 -1.07133   1.5625     0.63   0.4032 3.97699e-07
 71.2891   71.285        0   45.945 0.364131   1.5625    0.755   0.4832 3.95796e-07
 69.7266   69.725        0   45.105  1.73103   1.5625     0.84   0.5376 3.94032e-07
 68.1641    68.16        0    44.19  3.04282   1.5625    0.915   0.5856 3.92436e-07
 66.6016     66.6        0   43.225   4.2955   1.5625    0.965   0.6176 3.90978e-07
 65.8203    65.82        0   42.725  4.90255  0.78125      0.5     0.64 3.903e-07
 65.0391   65.035        0    42.22  5.50117  0.78125    0.505   0.6464 3.8963e-07
 64.2578   64.255        0   41.705   6.0842  0.78125    0.515   0.6592 3.89034e-07
 63.4766   63.475        0    41.19  6.65594  0.78125    0.515   0.6592 3.88425e-07
 62.6953   62.695        0    40.67  7.21681  0.78125     0.52   0.6656 3.87876e-07
 61.9141    61.91        0    40.14  7.77074  0.78125     0.53   0.6784 3.87331e-07
 61.1328    61.13        0   39.615  8.31107  0.78125    0.525    0.672 3.86821e-07
 60.3516    60.35        0   39.085  8.84174  0.78125     0.53   0.6784 3.86322e-07
 59.5703    59.57        0   38.555  9.36314  0.78125     0.53   0.6784 3.85839e-07
 58.7891   58.785        0   38.025  9.87889  0.78125     0.53   0.6784 3.85411e-07
 58.0078   58.005        0   37.495  10.3828  0.78125     0.53   0.6784 3.8497e-07
 57.2266   57.225        0   36.965  10.8784  0.78125     0.53   0.6784 3.84589e-07
 56.4453   56.445        0   36.435  11.3662  0.78125     0.53   0.6784 3.84204e-07
 55.6641    55.66        0   35.905  11.8494  0.78125     0.53   0.6784 3.83855e-07
 54.8828    54.88        0    35.38  12.3222  0.78125    0.525    0.672 3.83504e-07
 54.1016     54.1        0    34.86  12.7881  0.78125     0.52   0.6656 3.83189e-07
 53.3203    53.32        0   34.335  13.2473  0.78125    0.525    0.672 3.8288e-07
 52.5391   52.535        0   33.815  13.7029  0.78125     0.52   0.6656 3.82582e-07
 51.7578   51.755        0   33.295  14.1495  0.78125     0.52   0.6656 3.82323e-07
 50.9766   50.975        0    32.78  14.5901  0.78125    0.515   0.6592 3.82042e-07
 50.1953   50.195        0    32.27  15.0251  0.78125     0.51   0.6528 3.81806e-07
 49.4141    49.41        0    31.76  15.4575  0.78125     0.51   0.6528 3.81588e-07
 48.6328    48.63        0    31.25  15.8819  0.78125     0.51   0.6528 3.8138e-07
 47.8516    47.85        0   30.745  16.3014  0.78125    0.505   0.6464 3.81223e-07
 47.0703    47.07        0   30.245  16.7162  0.78125      0.5     0.64 3.81049e-07
 46.2891   46.285        0   29.745  17.1292  0.78125      0.5     0.64 3.80865e-07
 45.5078   45.505        0    29.25  17.5352  0.78125    0.495   0.6336 3.80728e-07
 44.7266   44.725        0   28.755  17.9373  0.78125    0.495   0.6336 3.80612e-07
 43.9453   43.945        0   28.265  18.3356  0.78125     0.49   0.6272 3.80517e-07
 43.1641    43.16        0   27.775  18.7329  0.78125     0.49   0.6272 3.80416e-07
 42.3828    42.38        0   27.295  19.1243  0.78125     0.48   0.6144 3.80333e-07
 41.6016     41.6        0   26.815  19.5126  0.78125     0.48   0.6144 3.80274e-07
 40.8203    40.82        0   26.335   19.898  0.78125     0.48   0.6144 3.8024e-07
 40.0391   40.035        0   25.855  20.2833  0.78125     0.48   0.6144 3.80204e-07
 39.2578   39.255        0   25.385  20.6637  0.78125     0.47   0.6016 3.80189e-07
 38.4766   38.475        0   24.915   21.042  0.78125     0.47   0.6016 3.80202e-07
 37.6953   37.695        0    24.45  21.4185  0.78125    0.465   0.5952 3.8021e-07
 36.9141    36.91        0    23.98  21.7958  0.78125     0.47   0.6016 3.80253e-07
 36.1328    36.13        0    23.52  22.1694  0.78125     0.46   0.5888 3.80288e-07
 35.3516    35.35        0    23.06   22.542  0.78125     0.46   0.5888 3.80354e-07
 34.5703    34.57        0   22.605  22.9139  0.78125    0.455   0.5824 3.80451e-07
 33.7891   33.785        0   22.145  23.2878  0.78125     0.46   0.5888 3.80555e-07
 33.0078   33.005        0   21.695  23.6592  0.78125     0.45    0.576 3.80688e-07
 32.2266   32.225        0   21.245  24.0311  0.78125     0.45    0.576 3.80811e-07
 31.4453   31.445        0   20.795  24.4036  0.78125     0.45    0.576 3.81005e-07
 30.6641    30.66        0   20.345  24.7796  0.78125     0.45    0.576 3.81194e-07
 29.8828    29.88        0     19.9  25.1547  0.78125    0.445   0.5696 3.81374e-07
 29.1016     29.1        0   19.455  25.5317  0.78125    0.445   0.5696 3.81591e-07
 28.3203    28.32        0   19.015  25.9112  0.78125     0.44   0.5632 3.81811e-07
 27.5391   27.535        0   18.575  26.2961  0.78125     0.44   0.5632 3.82046e-07
 26.7578   26.755        0    18.14   26.682  0.78125    0.435   0.5568 3.82312e-07
 25.9766   25.975        0     17.7  27.0718  0.78125     0.44   0.5632 3.82586e-07
 25.1953   25.195        0    17.27  27.4663  0.78125     0.43   0.5504 3.82868e-07
 24.4141    24.41        0   16.835  27.8686  0.78125    0.435   0.5568 3.8317e-07
 23.6328    23.63        0   16.405  28.2742  0.78125     0.43   0.5504 3.83473e-07
 22.8516    22.85        0   15.975  28.6865  0.78125     0.43   0.5504 3.83787e-07
 22.0703    22.07        0    15.55  29.1062  0.78125    0.425    0.544 3.84112e-07
 21.2891   21.285        0    15.12  29.5368  0.78125     0.43   0.5504 3.84462e-07
 20.5078   20.505        0     14.7  29.9739  0.78125     0.42   0.5376 3.84781e-07
 19.7266   19.725        0    14.28   30.421  0.78125     0.42   0.5376 3.85115e-07
 18.9453   18.945        0    13.86  30.8793  0.78125     0.42   0.5376 3.85463e-07
 18.1641    18.16        0   13.445   31.353  0.78125    0.415   0.5312 3.85775e-07
 17.3828    17.38        0    13.03  31.8375  0.78125    0.415   0.5312 3.86125e-07
 16.6016     16.6        0    12.62  32.3373  0.78125     0.41   0.5248 3.86428e-07
 15.8203    15.82        0   12.215  32.8542  0.78125    0.405   0.5184 3.86686e-07
 15.0391   15.035        0   11.805  33.3939  0.78125     0.41   0.5248 3.86983e-07
 14.2578   14.255        0     11.4  33.9524  0.78125    0.405   0.5184 3.87229e-07
 13.4766   13.475        0    10.99  34.5362  0.78125     0.41   0.5248 3.87443e-07
 12.6953   12.695        0    10.58  35.1498  0.78125     0.41   0.5248 3.87634e-07
 11.9141    11.91        0   10.165  35.8028  0.78125    0.415   0.5312 3.87826e-07
 11.1328    11.13        0    9.745  36.4943  0.78125     0.42   0.5376 3.88e-07
 10.3516    10.35        0    9.315  37.2376  0.78125     0.43   0.5504 3.88188e-07
 9.57031     9.57        0     8.87  38.0452  0.78125    0.445   0.5696 3.88438e-07
 8.78906    8.785        0     8.41  38.9397  0.78125     0.46   0.5888 3.88789e-07
 8.00781    8.005        0     7.93  39.9318  0.78125     0.48   0.6144 3.89256e-07
 7.22656    7.225        0    7.435  41.0561  0.78125    0.495   0.6336 3.89943e-07
 6.44531    6.445        0     6.92  42.3514  0.78125    0.515   0.6592 3.90894e-07
 5.66406     5.66        0     6.39  43.8805  0.78125     0.53   0.6784 3.92132e-07
 4.88281     4.88        0     5.88  45.6945  0.78125     0.51   0.6528 3.53769e-07
 4.10156      4.1        0      5.4  47.8959  0.78125     0.48   0.6144 5.16907e-07
 3.32031     3.32        0    5.065  50.6063  0.78125    0.335   0.4288 0.000201761
 2.53906    2.535        0    5.665  53.7969  0.78125     -0.6   -0.768 0.0848668
 2.44141     2.44        0    6.495  54.0644 0.0976562    -0.83  -8.4992  0.17131
 2.39258     2.39        0    7.425   54.143 0.0488281    -0.93 -19.0464 0.239977
 2.36816    2.365        0    8.175  54.1585 0.0244141    -0.75   -30.72 0.278448
 2.35596    2.355        0    8.555  54.1594 0.012207    -0.38 -31.1296 0.293857
 2.34375     2.34        0     9.26  54.1544 0.012207   -0.705 -57.7536 0.316171
 2.33154     2.33        0     9.83  54.1465 0.012207    -0.57 -46.6944 0.330023
 2.32544    2.325        0   10.155  54.1411     0.01   -0.325    -32.5 0.336499
 2.31544    2.315        0   10.905  54.1272     0.01    -0.75      -75 0.348294
 2.30544    2.305        0    11.81   54.109     0.01   -0.905    -90.5  0.35819
 2.29544    2.295        0    12.91  54.0863     0.01     -1.1     -110 0.365769
 2.28544    2.285        0    14.26  54.0587     0.01    -1.35     -135 0.370648
 2.27544    2.275        0   15.915  54.0261     0.01   -1.655   -165.5 0.372519
 2.26544    2.265        0    17.94  53.9884     0.01   -2.025   -202.5 0.372516
 2.25544    2.255        0   20.375  53.9453     0.01   -2.435   -243.5   0.3725
 2.24544    2.245        0   23.215  53.8969     0.01    -2.84     -284 0.372464
 2.23544    2.235        0    26.41  53.8433     0.01   -3.195   -319.5 0.372408
 2.22544    2.225        0    29.84  53.7847     0.01    -3.43     -343 0.372328
 2.21544    2.215        0    33.37  53.7214     0.01    -3.53     -353 0.372226
 2.20544    2.205        0    36.85  53.6539     0.01    -3.48     -348 0.372104
 2.19544    2.195        0    40.17  53.5826     0.01    -3.32     -332 0.371969
 2.18544    2.185        0   43.275  53.5082     0.01   -3.105   -310.5 0.371885
 2.17544    2.175        0   46.125  53.4311     0.01    -2.85     -285 0.371798
 2.16544    2.165        0    48.72  53.3518     0.01   -2.595   -259.5  0.37171
 2.15544    2.155        0    51.07  53.2709     0.01    -2.35     -235 0.371623
 2.14544    2.145        0    53.19  53.1889     0.01    -2.12     -212 0.371536
 2.13544    2.135        0     55.1   53.106     0.01    -1.91     -191 0.371449
 2.12544    2.125        0    56.82  53.0228     0.01    -1.72     -172 0.371361
 2.11544    2.115        0   58.375  52.9395     0.01   -1.555   -155.5 0.371267
 2.10544    2.105        0   59.775  52.8563     0.01     -1.4     -140 0.371265
 2.09544    2.095        0    61.04  52.7736     0.01   -1.265   -126.5 0.371304
 2.08544    2.085        0    62.19  52.6914     0.01    -1.15     -115 0.371332
 2.07544    2.075        0   63.225  52.6101     0.01   -1.035   -103.5 0.371341
 2.06544    2.065        0   64.165  52.5297     0.01    -0.94      -94  0.37132
 2.05544    2.055        0    65.02  52.4503     0.01   -0.855    -85.5 0.371443
 2.04544    2.045        0   65.795  52.3721     0.01   -0.775    -77.5 0.371563
 2.03544    2.035        0     66.5  52.2952     0.01   -0.705    -70.5  0.37163
 2.02544    2.025        0    67.14  52.2195     0.01    -0.64      -64 0.371705
 2.01544    2.015        0    67.72  52.1332     0.01    -0.58      -58 0.371695
 2.00544    2.005        0   68.245   52.058     0.01   -0.525    -52.5 0.371774
 1.99544    1.995        0   68.925  51.9556     0.01    -0.68      -68 0.371774
 1.98544    1.985        0   69.555  51.8529     0.01    -0.63      -63 0.371774
 1.97544    1.975        0   70.145  51.7499     0.01    -0.59      -59 0.371774
 1.96544    1.965        0     70.7  51.6467     0.01   -0.555    -55.5 0.371774
 1.95544    1.955        0   71.215  51.5432     0.01   -0.515    -51.5 0.371774
 1.94544    1.945        0     71.7  51.4393     0.01   -0.485    -48.5 0.371774
 1.93544    1.935        0   72.155  51.3352     0.01   -0.455    -45.5 0.371774
 1.92544    1.925        0   72.585  51.2308     0.01    -0.43      -43 0.371774
 1.91544    1.915        0    72.99  51.1262     0.01   -0.405    -40.5 0.371774
 1.90544    1.905        0    73.38  51.0212     0.01    -0.39      -39 0.371774
 1.89544    1.895        0   73.745  50.9158     0.01   -0.365    -36.5 0.371774
 1.88544    1.885        0   74.095  50.8102     0.01    -0.35      -35 0.371774
 1.87544    1.875        0    74.43  50.7043     0.01   -0.335    -33.5 0.371774
 1.86544    1.865        0    74.75   50.598     0.01    -0.32      -32 0.371774
 1.85544    1.855        0   75.055  50.4914     0.01   -0.305    -30.5 0.371774
 1.84544    1.845        0    75.35  50.3845     0.01   -0.295    -29.5 0.371774
 1.83544    1.835        0    75.63  50.2773     0.01    -0.28      -28 0.371774
 1.82544    1.825        0   75.905  50.1697     0.01   -0.275    -27.5 0.371774
 1.81544    1.815        0   76.165  50.0617     0.01    -0.26      -26 0.371774
 1.80544    1.805        0    76.42  49.9534     0.01   -0.255    -25.5 0.371774
 1.79544    1.795        0   76.665  49.8448     0.01   -0.245    -24.5 0.371774
 1.78544    1.785        0   76.905  49.7357     0.01    -0.24      -24 0.371774
 1.77544    1.775        0   77.135  49.6263     0.01    -0.23      -23 0.371774
 1.76544    1.765        0    77.36  49.5166     0.01   -0.225    -22.5 0.371774
 1.75544    1.755        0    77.58  49.4064     0.01    -0.22      -22 0.371774
 1.74544    1.745        0   77.795  49.2959     0.01   -0.215    -21.5 0.371774
 1.73544    1.735        0       78   49.185     0.01   -0.205    -20.5 0.371774
 1.72544    1.725        0   78.205  49.0737     0.01   -0.205    -20.5 0.371774
 1.71544    1.715        0     78.4   48.962     0.01   -0.195    -19.5 0.371774
 1.70544    1.705        0   78.595  48.8498     0.01   -0.195    -19.5 0.371774
 1.69544    1.695        0   78.785  48.7373     0.01    -0.19      -19 0.371774
 1.68544    1.685        0    78.97  48.6243     0.01   -0.185    -18.5 0.371774
 1.67544    1.675        0    79.15  48.5109     0.01    -0.18      -18 0.371774
 1.66544    1.665        0    79.33  48.3971     0.01    -0.18      -18 0.371774
 1.65544    1.655        0   79.505  48.2828     0.01   -0.175    -17.5 0.371774
 1.64544    1.645        0   79.675  48.1681     0.01    -0.17      -17 0.371774
 1.63544    1.635        0   79.845   48.053     0.01    -0.17      -17 0.371774
 1.62544    1.625        0    80.01  47.9373     0.01   -0.165    -16.5 0.371774
 1.61544    1.615        0   80.175  47.8212     0.01   -0.165    -16.5 0.371774
 1.60544    1.605        0   80.335  47.7046     0.01    -0.16      -16 0.371774
 1.59544    1.595        0   80.495  47.5876     0.01    -0.16      -16 0.371774
 1.58544    1.585        0    80.65    47.47     0.01   -0.155    -15.5 0.371774
 1.57544    1.575        0   80.805   47.352     0.01   -0.155    -15.5 0.371774
 1.56544    1.565        0    80.96  47.2335     0.01   -0.155    -15.5 0.371774
 1.55544    1.555        0    81.11  47.1144     0.01    -0.15      -15 0.371774
 1.54544    1.545        0    81.26  46.9948     0.01    -0.15      -15 0.371774
 1.53544    1.535        0   81.405  46.8747     0.01   -0.145    -14.5 0.371774
 1.52544    1.525        0    81.55  46.7541     0.01   -0.145    -14.5 0.371774
 1.51544    1.515        0   81.695  46.6329     0.01   -0.145    -14.5 0.371774
 1.50544    1.505        0   81.835  46.5112     0.01    -0.14      -14 0.371774
 1.49544    1.495        0   81.975  46.3889     0.01    -0.14      -14 0.371774
 1.48544    1.485        0   82.115  46.2661     0.01    -0.14      -14 0.371774
 1.47544    1.475        0    82.25  46.1427     0.01   -0.135    -13.5 0.371774
 1.46544    1.465        0   82.385  46.0187     0.01   -0.135    -13.5 0.371774
 1.45544    1.455        0    82.52  45.8941     0.01   -0.135    -13.5 0.371774
 1.44544    1.445        0   82.655  45.7689     0.01   -0.135    -13.5 0.371774
 1.43544    1.435        0   82.785  45.6431     0.01    -0.13      -13 0.371774
 1.42544    1.425        0   82.915  45.5167     0.01    -0.13      -13 0.371774
 1.41544    1.415        0   83.045  45.3897     0.01    -0.13      -13 0.371774
 1.40544    1.405        0   83.175   45.262     0.01    -0.13      -13 0.371774
 1.39544    1.395        0     83.3  45.1337     0.01   -0.125    -12.5 0.371774
 1.38544    1.385        0    83.43  45.0048     0.01    -0.13      -13 0.371774
 1.37544    1.375        0   83.555  44.8752     0.01   -0.125    -12.5 0.371774
 1.36544    1.365        0   83.675  44.7449     0.01    -0.12      -12 0.371774
 1.35544    1.355        0     83.8   44.614     0.01   -0.125    -12.5 0.371774
 1.34544    1.345        0    83.92  44.4824     0.01    -0.12      -12 0.371774
 1.33544    1.335        0   84.045    44.35     0.01   -0.125    -12.5 0.371774
 1.32544    1.325        0   84.165   44.217     0.01    -0.12      -12 0.371774
 1.31544    1.315        0   84.285  44.0833     0.01    -0.12      -12 0.371774
 1.30544    1.305        0     84.4  43.9488     0.01   -0.115    -11.5 0.371774
 1.29544    1.295        0    84.52  43.8137     0.01    -0.12      -12 0.371774
 1.28544    1.285        0   84.635  43.6777     0.01   -0.115    -11.5 0.371774
 1.27544    1.275        0   84.755  43.5411     0.01    -0.12      -12 0.371774
 1.26544    1.265        0    84.87  43.4036     0.01   -0.115    -11.5 0.371774
 1.25544    1.255        0   84.985  43.2654     0.01   -0.115    -11.5 0.371774
 1.24544    1.245        0   85.095  43.1264     0.01    -0.11      -11 0.371774
 1.23544    1.235        0    85.21  42.9867     0.01   -0.115    -11.5 0.371774
 1.22544    1.225        0    85.32  42.8461     0.01    -0.11      -11 0.371774
 1.21544    1.215        0   85.435  42.7047     0.01   -0.115    -11.5 0.371774
 1.20544    1.205        0   85.545  42.5625     0.01    -0.11      -11 0.371774
 1.19544    1.195        0   85.655  42.4194     0.01    -0.11      -11 0.371774
 1.18544    1.185        0   85.765  42.2755     0.01    -0.11      -11 0.371774
 1.17544    1.175        0   85.875  42.1308     0.01    -0.11      -11 0.371774
 1.16544    1.165        0    85.98  41.9852     0.01   -0.105    -10.5 0.371774
 1.15544    1.155        0    86.09  41.8387     0.01    -0.11      -11 0.371774
 1.14544    1.145        0   86.195  41.6913     0.01   -0.105    -10.5 0.371774
 1.13544    1.135        0   86.305   41.543     0.01    -0.11      -11 0.371774
 1.12544    1.125        0    86.41  41.3937     0.01   -0.105    -10.5 0.371774
 1.11544    1.115        0   86.515  41.2436     0.01   -0.105    -10.5 0.371774
 1.10544    1.105        0    86.62  41.0925     0.01   -0.105    -10.5 0.371774
 1.09544    1.095        0   86.725  40.9404     0.01   -0.105    -10.5 0.371774
 1.08544    1.085        0    86.83  40.7873     0.01   -0.105    -10.5 0.371774
 1.07544    1.075        0   86.935  40.6333     0.01   -0.105    -10.5 0.371774
 1.06544    1.065        0   87.035  40.4782     0.01     -0.1      -10 0.371774
 1.04934    1.045        0    87.24  40.1649 0.0161035   -0.205 -12.7301 0.371774
 1.03323     1.03        0   87.395  39.9271 0.0161035   -0.155 -9.62523 0.371774
 1.01713    1.015        0   87.545  39.6869 0.0161035    -0.15 -9.31474 0.371774
 1.00103        1        0   87.695   39.444 0.0161035    -0.15 -9.31474 0.371774
0.984922     0.98        0     87.9  39.1161 0.0161035   -0.205 -12.7301 0.371774
0.968818    0.965        0    88.05  38.8668 0.0161035    -0.15 -9.31474 0.371774
0.952715     0.95        0   88.195  38.6147 0.0161035   -0.145 -9.00424 0.371774
0.936611    0.935        0   88.345  38.3595 0.0161035    -0.15 -9.31474 0.371774
0.920508     0.92        0   88.495   38.101 0.0161035    -0.15 -9.31474 0.371774
0.904404      0.9        0    88.69  37.7512 0.0161035   -0.195 -12.1092 0.371774
0.888301    0.885        0    88.84  37.4847 0.0161035    -0.15 -9.31474 0.371774
0.872197     0.87        0   88.985  37.2143 0.0161035   -0.145 -9.00424 0.371774
0.856094    0.855        0   89.135  36.9398 0.0161035    -0.15 -9.31474 0.371774
 0.83999    0.835        0    89.33   36.567 0.0161035   -0.195 -12.1092 0.371774
0.823887     0.82        0    89.48  36.2818 0.0161035    -0.15 -9.31474 0.371774
0.807783    0.805        0    89.63  35.9915 0.0161035    -0.15 -9.31474 0.371774
 0.79168     0.79        0   89.775  35.6956 0.0161035   -0.145 -9.00424 0.371774
0.775576    0.775        0   89.925  35.3958 0.0161035    -0.15 -9.31474 0.371774
0.759473    0.755        0   90.125   34.997 0.0161035     -0.2 -12.4196 0.371774
0.743369     0.74        0   90.275  34.6987 0.0161035    -0.15 -9.31474 0.371774
0.727266    0.725        0   90.425  34.4012 0.0161035    -0.15 -9.31474 0.371774
0.711162     0.71        0    90.58  34.1046 0.0161035   -0.155 -9.62523 0.371774
0.695059    0.695        0    90.73  33.8089 0.0161035    -0.15 -9.31474 0.371774
0.678955    0.675        0    90.93  33.4162 0.0161035     -0.2 -12.4196 0.371774
0.662852     0.66        0   91.085  33.1229 0.0161035   -0.155 -9.62523 0.371774
0.646748    0.645        0    91.24  32.8309 0.0161035   -0.155 -9.62523 0.371774
0.630645     0.63        0   91.395  32.5402 0.0161035   -0.155 -9.62523 0.371774
0.614541     0.61        0   91.605  32.1548 0.0161035    -0.21 -13.0406 0.371774
0.598438    0.595        0    91.76  31.8678 0.0161035   -0.155 -9.62523 0.371774
0.582334     0.58        0    91.92  31.5824 0.0161035    -0.16 -9.93572 0.371774
 0.56623    0.565        0    92.08  31.2991 0.0161035    -0.16 -9.93572 0.371774
0.550127     0.55        0   92.245  31.0179 0.0161035   -0.165 -10.2462 0.371774
0.534023     0.53        0   92.465  30.6468 0.0161035    -0.22 -13.6616 0.371774
 0.51792    0.515        0    92.63  30.3717 0.0161035   -0.165 -10.2462 0.371774
0.501816      0.5        0   92.795  30.0995 0.0161035   -0.165 -10.2462 0.371774
0.485713    0.485        0   92.965  29.8308 0.0161035    -0.17 -10.5567 0.371774
0.469609    0.465        0   93.195  29.4782 0.0161035    -0.23 -14.2826 0.371774
0.453506     0.45        0    93.37  29.2188 0.0161035   -0.175 -10.8672 0.371774
0.437402    0.435        0   93.545   28.964 0.0161035   -0.175 -10.8672 0.371774
0.421299     0.42        0    93.72  28.7144 0.0161035   -0.175 -10.8672 0.371774
0.405195    0.405        0     93.9  28.4706 0.0161035    -0.18 -11.1777 0.371774
0.389092    0.385        0   94.145  28.1556 0.0161035   -0.245 -15.2141 0.371774
0.372988     0.37        0    94.33  27.9277 0.0161035   -0.185 -11.4882 0.371774
0.356885    0.355        0   94.515  27.7078 0.0161035   -0.185 -11.4882 0.371774
0.340781     0.34        0   94.705  27.4969 0.0161035    -0.19 -11.7987 0.371774
0.324678     0.32        0    94.96  27.2309 0.0161035   -0.255 -15.8351 0.371774
0.308574    0.305        0    95.15  27.0444 0.0161035    -0.19 -11.7987 0.371774
0.292471     0.29        0   95.345  26.8701 0.0161035   -0.195 -12.1092 0.371774
0.276367    0.275        0   95.545  26.7093 0.0161035     -0.2 -12.4196 0.371774
0.260264     0.26        0    95.74  26.5635 0.0161035   -0.195 -12.1092 0.371774
 0.24416     0.24        0   96.005  26.3944 0.0161035   -0.265  -16.456 0.371776
0.228057    0.225        0    96.21  26.2879 0.0161035   -0.205 -12.7301 0.371804
0.211953     0.21        0    96.41  26.1991 0.0161035     -0.2 -12.4196 0.371879
 0.19585    0.195        0   96.615  26.1273 0.0161035   -0.205 -12.7301 0.372005
0.179746    0.175        0    96.89  26.0552 0.0161035   -0.275  -17.077 0.372232
0.163643     0.16        0     97.1  26.0157 0.0161035    -0.21 -13.0406 0.372419
0.147539    0.145        0    97.31  25.9855 0.0161035    -0.21 -13.0406  0.37259
0.131436     0.13        0    97.52   25.962 0.0161035    -0.21 -13.0406 0.372716
0.115332    0.115        0   97.735   25.943 0.0161035   -0.215 -13.3511 0.372918
0.0992285    0.095        0   98.025  25.9212 0.0161035    -0.29 -18.0085 0.373089
0.083125     0.08        0   98.245  25.9056 0.0161035    -0.22 -13.6616 0.373088
0.0670215    0.065        0    98.47  25.8894 0.0161035   -0.225 -13.9721 0.373051
0.050918     0.05        0   98.695  25.8718 0.0161035   -0.225 -13.9721 0.373019
0.0348145     0.03        0   99.005  25.8448 0.0161035    -0.31 -19.2505 0.372761
0.0187109    0.015        0    99.24  25.8213 0.0161035   -0.235 -14.5931 0.372561
0.00260742    0.005        0     99.4  25.8195 0.0161035    -0.16 -9.93572 0.372542
