# S1-S2 restitution for CRN98 con cell. Adaptive step
# step: step in S2 interval
# delta: Difference in S2 APD from previous S2.
# d/dt: rate of change of S2 APD
#     S2 S1 APD90       DI S2 APD90    Vpeak     step    delta     d/dt  INa act
    1050   299.56   750.44   300.48  24.7877       50    0.835   0.0167 0.345858
    1000   299.56   700.44   299.56  24.7917       50     0.92   0.0184 0.345689
     950   299.56   650.44  298.565  24.7845       50    0.995   0.0199 0.345306
     925   299.56   625.44  298.035  24.7876       25     0.53   0.0212 0.345179
     900   299.56   600.44   297.49  24.7785       25    0.545   0.0218 0.344924
     875   299.56   575.44  296.915  24.7829       25    0.575    0.023 0.344716
     850   299.56   550.44  296.335  24.7745       25     0.58   0.0232 0.344431
     825   299.56   525.44   295.72  24.7802       25    0.615   0.0246 0.344223
     800   299.56   500.44  295.095  24.7733       25    0.625    0.025 0.343868
     775   299.56   475.44   294.44  24.7803       25    0.655   0.0262 0.343581
     750   299.56   450.44  293.765  24.7754       25    0.675    0.027 0.343206
     725   299.56   425.44   293.05  24.7712       25    0.715   0.0286 0.342702
     700   299.56   400.44  292.265  24.7812       25    0.785   0.0314  0.34229
     675   299.56   375.44  291.395  24.7794       25     0.87   0.0348 0.341738
   662.5   299.56   362.94  290.915  24.7723     12.5     0.48   0.0384 0.341387
     650   299.56   350.44  290.365  24.7785     12.5     0.55    0.044 0.341099
   637.5   299.56   337.94   289.76   24.772     12.5    0.605   0.0484 0.340699
     625   299.56   325.44  289.055  24.7782     12.5    0.705   0.0564 0.340339
   612.5   299.56   312.94  288.245   24.772     12.5     0.81   0.0648 0.339914
     600   299.56   300.44   287.28  24.7651     12.5    0.965   0.0772 0.339329
  593.75   299.56   294.19  286.725  24.7682     6.25    0.555   0.0888 0.339191
   587.5   299.56   287.94   286.11  24.7709     6.25    0.615   0.0984 0.338958
  581.25   299.56   281.69   285.45  24.7605     6.25     0.66   0.1056 0.338541
     575   299.56   275.44  284.705  24.7629     6.25    0.745   0.1192  0.33837
  568.75   299.56   269.19   283.89  24.7647     6.25    0.815   0.1304 0.338086
   562.5   299.56   262.94      283  24.7532     6.25     0.89   0.1424 0.337656
  556.25   299.56   256.69   282.01   24.754     6.25     0.99   0.1584 0.337412
 553.125   299.56  253.565  281.475  24.7541    3.125    0.535   0.1712 0.337239
     550   299.56   250.44   280.93  24.7408    3.125    0.545   0.1744 0.336868
 546.875   299.56  247.315  280.345  24.7406    3.125    0.585   0.1872 0.336737
  543.75   299.56   244.19  279.735  24.7401    3.125     0.61   0.1952 0.336609
 540.625   299.56  241.065  279.095  24.7391    3.125     0.64   0.2048 0.336443
   537.5   299.56   237.94  278.425  24.7377    3.125     0.67   0.2144 0.336236
 534.375   299.56  234.815  277.735   24.723    3.125     0.69   0.2208 0.335827
  531.25   299.56   231.69  277.005  24.7211    3.125     0.73   0.2336 0.335673
 528.125   299.56  228.565  276.245  24.7186    3.125     0.76   0.2432 0.335501
     525   299.56   225.44  275.455  24.7155    3.125     0.79   0.2528 0.335282
 521.875   299.56  222.315   274.64  24.6986    3.125    0.815   0.2608 0.334852
  518.75   299.56   219.19  273.785  24.6945    3.125    0.855   0.2736 0.334585
 515.625   299.56  216.065  272.895  24.6897    3.125     0.89   0.2848  0.33439
   512.5   299.56   212.94  271.975  24.6839    3.125     0.92   0.2944 0.334143
 509.375   299.56  209.815  271.035  24.6639    3.125     0.94   0.3008 0.333676
  506.25   299.56   206.69  270.045  24.6566    3.125     0.99   0.3168 0.333326
 504.688   299.56  205.125   269.54  24.6526   1.5625    0.505   0.3232 0.333194
 503.125   299.56  203.565   269.03  24.6482   1.5625     0.51   0.3264 0.333067
 501.562   299.56      202  268.505  24.6434   1.5625    0.525    0.336 0.332925
     500   299.56   200.44   267.98  24.6383   1.5625    0.525    0.336 0.332767
 498.438   299.56  198.875   267.44  24.6328   1.5625     0.54   0.3456 0.332593
 496.875   299.56  197.315   266.91   24.614   1.5625     0.53   0.3392 0.332239
 495.312   299.56   195.75  266.355  24.6081   1.5625    0.555   0.3552 0.332038
  493.75   299.56   194.19  265.795  24.6018   1.5625     0.56   0.3584  0.33182
 492.188   299.56  192.625   265.23  24.5951   1.5625    0.565   0.3616 0.331623
 490.625   299.56  191.065  264.655   24.588   1.5625    0.575    0.368 0.331459
 489.062   299.56    189.5   264.07  24.5803   1.5625    0.585   0.3744 0.331276
   487.5   299.56   187.94  263.485  24.5722   1.5625    0.585   0.3744 0.331075
 485.938   299.56  186.375  262.885  24.5634   1.5625      0.6    0.384 0.330855
 484.375   299.56  184.815  262.295  24.5414   1.5625     0.59   0.3776 0.330456
 482.812   299.56   183.25   261.68   24.532   1.5625    0.615   0.3936 0.330203
  481.25   299.56   181.69  261.065  24.5221   1.5625    0.615   0.3936 0.329932
 479.688   299.56  180.125   260.44  24.5114   1.5625    0.625      0.4 0.329679
 478.125   299.56  178.565   259.81  24.5002   1.5625     0.63   0.4032 0.329457
 476.562   299.56      177   259.17  24.4882   1.5625     0.64   0.4096 0.329213
     475   299.56   175.44   258.53  24.4756   1.5625     0.64   0.4096 0.328949
 473.438   299.56  173.875   257.89  24.4493   1.5625     0.64   0.4096   0.3285
 471.875   299.56  172.315  257.235  24.4355   1.5625    0.655   0.4192 0.328198
 470.312   299.56   170.75   256.57   24.421   1.5625    0.665   0.4256 0.327871
  468.75   299.56   169.19  255.905  24.4057   1.5625    0.665   0.4256 0.327523
 467.188   299.56  167.625   255.23  24.3894   1.5625    0.675    0.432 0.327209
 465.625   299.56  166.065  254.555  24.3722   1.5625    0.675    0.432 0.326904
 464.062   299.56    164.5   253.87   24.354   1.5625    0.685   0.4384 0.326574
   462.5   299.56   162.94   253.19  24.3221   1.5625     0.68   0.4352 0.326058
 460.938   299.56  161.375  252.495  24.3022   1.5625    0.695   0.4448 0.325682
 459.375   299.56  159.815    251.8  24.2813   1.5625    0.695   0.4448 0.325281
 457.812   299.56   158.25  251.095  24.2592   1.5625    0.705   0.4512 0.324853
  456.25   299.56   156.69   250.39  24.2361   1.5625    0.705   0.4512 0.324398
 454.688   299.56  155.125  249.675  24.2116   1.5625    0.715   0.4576 0.324003
 453.125   299.56  153.565   248.96  24.1858   1.5625    0.715   0.4576 0.323582
 451.562   299.56      152   248.25   24.146   1.5625     0.71   0.4544 0.322973
     450   299.56   150.44  247.525  24.1179   1.5625    0.725    0.464 0.322499
 448.438   299.56  148.875  246.795  24.0882   1.5625     0.73   0.4672 0.321992
 446.875   299.56  147.315  246.065   24.057   1.5625     0.73   0.4672 0.321457
 445.312   299.56   145.75   245.33  24.0242   1.5625    0.735   0.4704 0.320888
  443.75   299.56   144.19  244.595  23.9899   1.5625    0.735   0.4704 0.320316
 442.188   299.56  142.625   243.86  23.9409   1.5625    0.735   0.4704  0.31961
 440.625   299.56  141.065  243.115  23.9033   1.5625    0.745   0.4768 0.319037
 439.062   299.56    139.5   242.37  23.8637   1.5625    0.745   0.4768 0.318427
   437.5   299.56   137.94   241.62  23.8222   1.5625     0.75     0.48 0.317783
 435.938   299.56  136.375  240.865  23.7785   1.5625    0.755   0.4832 0.317101
 434.375   299.56  134.815  240.115  23.7328   1.5625     0.75     0.48 0.316385
 432.812   299.56   133.25  239.365  23.6718   1.5625     0.75     0.48 0.315474
  431.25   299.56   131.69  238.605  23.6219   1.5625     0.76   0.4864 0.314719
 429.688   299.56  130.125  237.845  23.5693   1.5625     0.76   0.4864 0.313972
 428.125   299.56  128.565   237.08  23.5143   1.5625    0.765   0.4896 0.313186
 426.562   299.56      127  236.315  23.4566   1.5625    0.765   0.4896 0.312355
     425   299.56   125.44   235.55  23.3962   1.5625    0.765   0.4896 0.311484
 423.438   299.56  123.875   234.79  23.3199   1.5625     0.76   0.4864 0.310414
 421.875   299.56  122.315  234.025  23.2539   1.5625    0.765   0.4896 0.309461
 420.312   299.56   120.75   233.25  23.1846   1.5625    0.775    0.496 0.308459
  418.75   299.56   119.19   232.48  23.1122   1.5625     0.77   0.4928  0.30742
 417.188   299.56  117.625  231.705  23.0361   1.5625    0.775    0.496 0.306396
 415.625   299.56  116.065  230.935  22.9566   1.5625     0.77   0.4928 0.305326
 414.062   299.56    114.5   230.17  22.8605   1.5625    0.765   0.4896  0.30405
   412.5   299.56   112.94  229.395  22.7738   1.5625    0.775    0.496 0.302882
 410.938   299.56  111.375   228.62  22.6828   1.5625    0.775    0.496 0.301658
 409.375   299.56  109.815  227.845  22.5878   1.5625    0.775    0.496 0.300383
 407.812   299.56   108.25  227.065  22.4881   1.5625     0.78   0.4992 0.299049
  406.25   299.56   106.69   226.29  22.3841   1.5625    0.775    0.496 0.297662
 404.688   299.56  105.125  225.525  22.2624   1.5625    0.765   0.4896  0.29607
 403.125   299.56  103.565   224.75  22.1491   1.5625    0.775    0.496 0.294601
 401.562   299.56      102   223.97  22.0301   1.5625     0.78   0.4992 0.293092
     400   299.56   100.44  223.195  21.9061   1.5625    0.775    0.496 0.291523
 398.438   299.56   98.875  222.415   21.776   1.5625     0.78   0.4992 0.289883
 396.875   299.56   97.315   221.64  21.6404   1.5625    0.775    0.496 0.288181
 395.312   299.56    95.75  220.875  21.4859   1.5625    0.765   0.4896 0.286264
  393.75   299.56    94.19    220.1  21.3381   1.5625    0.775    0.496 0.284428
 392.188   299.56   92.625   219.32  21.1833   1.5625     0.78   0.4992 0.282515
 390.625   299.56   91.065   218.55  21.0219   1.5625     0.77   0.4928 0.280533
 389.062   299.56     89.5   217.77  20.8527   1.5625     0.78   0.4992 0.278469
   387.5   299.56    87.94  217.005  20.6642   1.5625    0.765   0.4896 0.276198
 385.938   299.56   86.375   216.23  20.4798   1.5625    0.775    0.496 0.273983
 384.375   299.56   84.815  215.455  20.2879   1.5625    0.775    0.496 0.271693
 382.812   299.56    83.25   214.68  20.0868   1.5625    0.775    0.496 0.269311
  381.25   299.56    81.69   213.91  19.8773   1.5625     0.77   0.4928  0.26686
 379.688   299.56   80.125   213.14  19.6456   1.5625     0.77   0.4928 0.264189
 378.125   299.56   78.565  212.365  19.4174   1.5625    0.775    0.496 0.261572
 376.562   299.56       77   211.59  19.1785   1.5625    0.775    0.496 0.258851
     375   299.56    75.44  210.815  18.9297   1.5625    0.775    0.496  0.25604
 373.438   299.56   73.875   210.04  18.6689   1.5625    0.775    0.496 0.253119
 371.875   299.56   72.315   209.27  18.3857   1.5625     0.77   0.4928 0.249978
 370.312   299.56    70.75   208.49  18.1019   1.5625     0.78   0.4992 0.246853
  368.75   299.56    69.19   207.71  17.8066   1.5625     0.78   0.4992 0.243631
 367.188   299.56   67.625   206.93  17.4973   1.5625     0.78   0.4992 0.240287
 365.625   299.56   66.065  206.145  17.1755   1.5625    0.785   0.5024  0.23684
 364.062   299.56     64.5  205.365  16.8269   1.5625     0.78   0.4992 0.233149
   362.5   299.56    62.94  204.575  16.4768   1.5625     0.79   0.5056 0.229477
 360.938   299.56   61.375  203.785  16.1101   1.5625     0.79   0.5056 0.225689
 359.375   299.56   59.815  202.985  15.7289   1.5625      0.8    0.512 0.221793
 357.812   299.56    58.25   202.19  15.3185   1.5625    0.795   0.5088 0.217654
  356.25   299.56    56.69   201.38  14.9041   1.5625     0.81   0.5184 0.213518
 354.688   299.56   55.125  200.565  14.4706   1.5625    0.815   0.5216 0.209241
 353.125   299.56   53.565   199.74  14.0201   1.5625    0.825    0.528 0.204851
 351.562   299.56       52   198.91  13.5382   1.5625     0.83   0.5312 0.200218
     350   299.56    50.44  198.065  13.0496   1.5625    0.845   0.5408 0.195576
 348.438   299.56   48.875  197.205  12.5391   1.5625     0.86   0.5504  0.19079
 346.875   299.56   47.315   196.34  11.9984   1.5625    0.865   0.5536  0.18583
 345.312   299.56    45.75   195.45  11.4459   1.5625     0.89   0.5696  0.18084
  343.75   299.56    44.19  194.545  10.8733   1.5625    0.905   0.5792  0.17574
 342.188   299.56   42.625  193.615  10.2655   1.5625     0.93   0.5952 0.170414
 340.625   299.56   41.065   192.66  9.64797   1.5625    0.955   0.6112 0.165089
 339.062   299.56     39.5   191.67  9.00492   1.5625     0.99   0.6336 0.159679
 338.281   299.56    38.72   191.17  8.66512        1      0.5      0.5 0.156859
 337.281   299.56    37.72   190.51  8.23449        1     0.66     0.66 0.153316
 336.281   299.56    36.72  189.835  7.79402        1    0.675    0.675 0.149732
 335.281   299.56    35.72   189.14  7.34367        1    0.695    0.695 0.146121
 334.281   299.56    34.72   188.43  6.87332        1     0.71     0.71 0.142423
 333.281   299.56    33.72  187.695  6.40354        1    0.735    0.735 0.138769
 332.281   299.56    32.72   186.94  5.92379        1    0.755    0.755 0.135084
 331.281   299.56    31.72   186.16   5.4341        1     0.78     0.78 0.131375
 330.281   299.56    30.72  185.355  4.92518        1    0.805    0.805 0.127606
 329.281   299.56    29.72   184.52  4.41636        1    0.835    0.835 0.123885
 328.281   299.56    28.72   183.65  3.89782        1     0.87     0.87 0.120147
 327.281   299.56    27.72   182.75  3.36056        1      0.9      0.9  0.11635
 326.281   299.56    26.72  181.815  2.82349        1    0.935    0.935 0.112625
 325.281   299.56    25.72  180.835  2.27718        1     0.98     0.98 0.108895
 324.281   299.56    24.72  179.815  1.71305        1     1.02     1.02 0.105116
 323.281   299.56    23.72  178.745  1.14932        1     1.07     1.07 0.101422
 322.281   299.56    22.72   177.62  0.56827        1    1.125    1.125 0.0976852
 321.281   299.56    21.72  176.445 -0.0118973        1    1.175    1.175 0.0940245
 320.281   299.56    20.72  175.215 -0.600083        1     1.23     1.23 0.0904035
 319.281   299.56    19.72   173.91 -1.20396        1    1.305    1.305 0.0867619
 318.281   299.56    18.72   172.54 -1.80661        1     1.37     1.37 0.0832063
 317.281   299.56    17.72  171.085   -2.424        1    1.455    1.455 0.0796595
 316.281   299.56    16.72   169.55 -3.03954        1    1.535    1.535 0.0761999
 315.281   299.56    15.72   167.92  -3.6686        1     1.63     1.63 0.0727557
 314.281   299.56    14.72  166.185 -4.30285        1    1.735    1.735 0.0693772
 313.281   299.56    13.72  164.355 -4.93387        1     1.83     1.83 0.066098
 312.281   299.56    12.72  162.385 -5.57658        1     1.97     1.97 0.0628527
 311.281   299.56    11.72  160.275 -6.22261        1     2.11     2.11 0.0596857
 310.281   299.56    10.72   158.02  -6.8639        1    2.255    2.255 0.0566274
 309.281   299.56     9.72  155.555 -7.51443        1    2.465    2.465 0.0536171
 308.281   299.56     8.72  152.845 -8.16608        1     2.71     2.71 0.0506984
 307.281   299.56     7.72  149.755 -8.81799        1     3.09     3.09 0.0478676
 306.281   299.56     6.72   145.64 -9.46254        1    4.115    4.115 0.0451538
 305.281   299.56     5.72  139.495 -10.1122        1    6.145    6.145 0.0425076
 304.281   299.56     4.72   138.03 -10.7593        1    1.465    1.465 0.0399582
 303.281   299.56     3.72   136.55 -11.4026        1     1.48     1.48 0.0375073
 302.281   299.56     2.72  135.045 -12.0409        1    1.505    1.505 0.0351561
 301.281   299.56     1.72  133.525 -12.6731        1     1.52     1.52 0.0329046
 300.281   299.56     0.72   131.98 -13.3034        1    1.545    1.545 0.0307363
 299.281   299.28        0   130.43 -13.9188        1     1.55     1.55 0.0286866
