# S1-S2 restitution for CRN98 workman_ct cell. Adaptive step
# step: step in S2 interval
# delta: Difference in S2 APD from previous S2.
# d/dt: rate of change of S2 APD
#     S2 S1 APD90       DI S2 APD90    Vpeak     step    delta     d/dt  INa act
    1000    176.3    823.7  176.035  24.9109      100    0.745  0.00745  0.35667
     900    176.3    723.7   175.08  24.9058      100    0.955  0.00955  0.35657
     850    176.3    673.7   174.49  24.8899       50     0.59   0.0118 0.356444
     800    176.3    623.7  173.785  24.8866       50    0.705   0.0141 0.356413
     750    176.3    573.7   172.94  24.8822       50    0.845   0.0169 0.356363
     725    176.3    548.7  172.455  24.8671       25    0.485   0.0194 0.356206
     700    176.3    523.7   171.91  24.8648       25    0.545   0.0218 0.356172
     675    176.3    498.7    171.3  24.8619       25     0.61   0.0244 0.356087
     650    176.3    473.7  170.625  24.8459       25    0.675    0.027 0.355953
     625    176.3    448.7  169.865  24.8428       25     0.76   0.0304 0.355901
     600    176.3    423.7  169.005  24.8391       25     0.86   0.0344  0.35586
     575    176.3    398.7  168.035  24.8222       25     0.97   0.0388 0.355655
   562.5    176.3    386.2  167.505  24.8201     12.5     0.53   0.0424 0.355566
     550    176.3    373.7  166.935  24.8177     12.5     0.57   0.0456  0.35559
   537.5    176.3    361.2  166.335  24.8022     12.5      0.6    0.048 0.355405
     525    176.3    348.7   165.69  24.7999     12.5    0.645   0.0516  0.35533
   512.5    176.3    336.2  165.005  24.7972     12.5    0.685   0.0548   0.3553
     500    176.3    323.7   164.27  24.7941     12.5    0.735   0.0588 0.355293
   487.5    176.3    311.2  163.495  24.7784     12.5    0.775    0.062 0.355014
     475    176.3    298.7  162.665  24.7751     12.5     0.83   0.0664 0.355012
   462.5    176.3    286.2   161.78  24.7587     12.5    0.885   0.0708 0.354773
     450    176.3    273.7  160.835  24.7552     12.5    0.945   0.0756 0.354697
  443.75    176.3   267.45  160.335  24.7532     6.25      0.5     0.08 0.354697
   437.5    176.3    261.2  159.825   24.751     6.25     0.51   0.0816 0.354651
  431.25    176.3   254.95    159.3  24.7361     6.25    0.525    0.084 0.354388
     425    176.3    248.7  158.755  24.7341     6.25    0.545   0.0872 0.354375
  418.75    176.3   242.45   158.19  24.7318     6.25    0.565   0.0904  0.35437
   412.5    176.3    236.2   157.61  24.7292     6.25     0.58   0.0928 0.354303
  406.25    176.3   229.95   157.01  24.7141     6.25      0.6    0.096 0.354016
     400    176.3    223.7  156.395  24.7116     6.25    0.615   0.0984 0.354041
  393.75    176.3   217.45  155.755  24.7087     6.25     0.64   0.1024 0.353992
   387.5    176.3    211.2    155.1  24.6929     6.25    0.655   0.1048 0.353692
  381.25    176.3   204.95  154.425    24.69     6.25    0.675    0.108 0.353683
     375    176.3    198.7  153.725  24.6864     6.25      0.7    0.112 0.353627
  368.75    176.3   192.45   153.01  24.6698     6.25    0.715   0.1144 0.353299
   362.5    176.3    186.2   152.27  24.6657     6.25     0.74   0.1184 0.353287
  356.25    176.3   179.95  151.505  24.6608     6.25    0.765   0.1224 0.353182
     350    176.3    173.7  150.725  24.6425     6.25     0.78   0.1248 0.352858
  343.75    176.3   167.45   149.92   24.636     6.25    0.805   0.1288 0.352793
   337.5    176.3    161.2  149.095   24.615     6.25    0.825    0.132 0.352401
  331.25    176.3   154.95  148.245  24.6056     6.25     0.85    0.136 0.352289
     325    176.3    148.7   147.37  24.5934     6.25    0.875     0.14 0.352047
  318.75    176.3   142.45  146.475  24.5652     6.25    0.895   0.1432 0.351628
   312.5    176.3    136.2  145.555  24.5454     6.25     0.92   0.1472 0.351305
  306.25    176.3   129.95  144.615  24.5068     6.25     0.94   0.1504  0.35071
     300    176.3    123.7   143.65   24.473     6.25    0.965   0.1544 0.350205
  293.75    176.3   117.45   142.67  24.4152     6.25     0.98   0.1568 0.349335
 290.625    176.3  114.325   142.17  24.3877    3.125      0.5     0.16 0.348962
   287.5    176.3    111.2   141.66  24.3557    3.125     0.51   0.1632 0.348486
 284.375    176.3  108.075  141.155  24.3056    3.125    0.505   0.1616 0.347726
  281.25    176.3   104.95   140.64  24.2631    3.125    0.515   0.1648 0.347134
 278.125    176.3  101.825   140.12  24.2138    3.125     0.52   0.1664 0.346474
     275    176.3     98.7  139.595  24.1565    3.125    0.525    0.168 0.345668
 271.875    176.3   95.575   139.07  24.0772    3.125    0.525    0.168 0.344536
  268.75    176.3    92.45   138.54  24.0006    3.125     0.53   0.1696 0.343444
 265.625    176.3   89.325  138.005  23.9116    3.125    0.535   0.1712 0.342275
   262.5    176.3     86.2  137.465  23.8084    3.125     0.54   0.1728  0.34089
 259.375    176.3   83.075   136.93  23.6757    3.125    0.535   0.1712   0.3391
  256.25    176.3    79.95   136.39  23.5372    3.125     0.54   0.1728 0.337224
 253.125    176.3   76.825  135.845  23.3763    3.125    0.545   0.1744 0.335055
     250    176.3     73.7    135.3  23.1895    3.125    0.545   0.1744  0.33256
 246.875    176.3   70.575  134.755  22.9727    3.125    0.545   0.1744 0.329736
  243.75    176.3    67.45  134.215  22.7083    3.125     0.54   0.1728 0.326314
 240.625    176.3   64.325  133.675  22.4161    3.125     0.54   0.1728 0.322556
   237.5    176.3     61.2  133.135  22.0766    3.125     0.54   0.1728 0.318217
 234.375    176.3   58.075    132.6  21.6814    3.125    0.535   0.1712 0.313256
  231.25    176.3    54.95   132.07  21.2213    3.125     0.53   0.1696 0.307562
 228.125    176.3   51.825  131.545  20.6847    3.125    0.525    0.168 0.300989
     225    176.3     48.7   131.02   20.058    3.125    0.525    0.168  0.29338
 221.875    176.3   45.575  130.505  19.3122    3.125    0.515   0.1648 0.284511
  218.75    176.3    42.45   129.99  18.4514    3.125    0.515   0.1648 0.274487
 215.625    176.3   39.325   129.48  17.4376    3.125     0.51   0.1632  0.26294
   212.5    176.3     36.2  128.965  16.2399    3.125    0.515   0.1648 0.249632
 209.375    176.3   33.075   128.44  14.8202    3.125    0.525    0.168 0.234396
  206.25    176.3    29.95  127.885  13.1227    3.125    0.555   0.1776 0.216893
 203.125    176.3   26.825  127.265  11.1186    3.125     0.62   0.1984 0.197195
     200    176.3     23.7  126.535  8.73126    3.125     0.73   0.2336 0.175026
 196.875    176.3   20.575   125.58  5.92087    3.125    0.955   0.3056 0.150785
 195.312    176.3    19.01  124.965  4.34655   1.5625    0.615   0.3936  0.13807
  193.75    176.3    17.45   124.21  2.64989   1.5625    0.755   0.4832 0.125055
 192.188    176.3   15.885  123.275 0.829403   1.5625    0.935   0.5984 0.111919
 191.406    176.3   15.105   122.72 -0.117369  0.78125    0.555   0.7104 0.105412
 190.625    176.3   14.325   122.09 -1.10106  0.78125     0.63   0.8064 0.0988951
 189.844    176.3    13.54  121.385 -2.11892  0.78125    0.705   0.9024 0.0924187
 189.062    176.3    12.76  120.775 -3.14853  0.78125     0.61   0.7808 0.0861332
 188.281    176.3    11.98   119.79  -4.2118  0.78125    0.985   1.2608 0.0799245
 187.891    176.3    11.59   119.26 -4.74854 0.390625     0.53   1.3568 0.0769013
   187.5    176.3     11.2   118.69 -5.29885 0.390625     0.57   1.4592 0.0738738
 187.109    176.3   10.805  118.085 -5.85389 0.390625    0.605   1.5488 0.0709042
 186.719    176.3   10.415   117.45 -6.41494 0.390625    0.635   1.6256 0.0679796
 186.328    176.3   10.025  116.785 -6.97323 0.390625    0.665   1.7024 0.0651454
 185.938    176.3    9.635  116.075  -7.5438 0.390625     0.71   1.8176 0.0623331
 185.547    176.3    9.245  115.335 -8.11114 0.390625     0.74   1.8944 0.059617
 185.156    176.3    8.855  114.545 -8.68986 0.390625     0.79   2.0224 0.0569279
 184.766    176.3    8.465  113.715 -9.27218 0.390625     0.83   2.1248 0.0543047
 184.375    176.3    8.075  112.855 -9.85018 0.390625     0.86   2.2016 0.0517823
 183.984    176.3     7.68   111.93 -10.4456 0.390625    0.925    2.368 0.0492687
 183.594    176.3     7.29   110.97 -11.0358 0.390625     0.96   2.4576 0.046861
 183.203    176.3      6.9   109.98 -11.6205 0.390625     0.99   2.5344 0.0445564
 183.008    176.3    6.705   109.46 -11.9203 0.195312     0.52   2.6624 0.0434059
 182.812    176.3     6.51   108.94 -12.2133 0.195312     0.52   2.6624 0.0423011
 182.617    176.3    6.315   108.41 -12.5065 0.195312     0.53   2.7136 0.0412149
 182.422    176.3     6.12   107.86 -12.8064 0.195312     0.55    2.816 0.0401241
 182.227    176.3    5.925   107.31 -13.0996 0.195312     0.55    2.816 0.0390767
 182.031    176.3     5.73   106.74 -13.3993 0.195312     0.57   2.9184 0.0380258
 181.836    176.3    5.535   106.17  -13.692 0.195312     0.57   2.9184 0.0370175
 181.641    176.3     5.34   105.58 -13.9912 0.195312     0.59   3.0208 0.036008
 181.445    176.3    5.145   104.99 -14.2831 0.195312     0.59   3.0208 0.0350404
  181.25    176.3     4.95  104.395 -14.5746 0.195312    0.595   3.0464 0.0340915
 181.055    176.3     4.75  103.765 -14.8793 0.195312     0.63   3.2256 0.0331186
 180.859    176.3    4.555  103.155 -15.1694 0.195312     0.61   3.1232 0.0322102
 180.664    176.3     4.36  102.525  -15.465 0.195312     0.63   3.2256 0.0313027
 180.469    176.3    4.165    101.9 -15.7532 0.195312    0.625      3.2 0.0304329
 180.273    176.3     3.97  101.255 -16.0466 0.195312    0.645   3.3024 0.0295655
 180.078    176.3    3.775  100.615 -16.3325 0.195312     0.64   3.2768 0.0287352
 179.883    176.3     3.58    99.96 -16.6231 0.195312    0.655   3.3536 0.0279067
 179.688    176.3    3.385     99.3 -16.9122 0.195312     0.66   3.3792 0.027099
 179.492    176.3     3.19    98.65 -17.1935 0.195312     0.65    3.328 0.026326
 179.297    176.3    2.995   97.985 -17.4791 0.195312    0.665   3.4048 0.0255564
 179.102    176.3      2.8   97.325 -17.7567 0.195312     0.66   3.3792 0.0248207
 178.906    176.3    2.605   96.655 -18.0381 0.195312     0.67   3.4304 0.0240887
 178.711    176.3     2.41    95.99 -18.3114 0.195312    0.665   3.4048 0.0233891
 178.516    176.3    2.215   95.315 -18.5881 0.195312    0.675    3.456 0.0226938
  178.32    176.3     2.02    94.64 -18.8622 0.195312    0.675    3.456 0.0220163
 178.125    176.3    1.825    93.98 -19.1279 0.195312     0.66   3.3792 0.0213695
  177.93    176.3    1.625    93.29  -19.403 0.195312     0.69   3.5328 0.0207106
 177.734    176.3     1.43    92.62 -19.6682 0.195312     0.67   3.4304 0.020086
 177.539    176.3    1.235    91.96 -19.9247 0.195312     0.66   3.3792 0.0194889
 177.344    176.3     1.04   91.295 -20.1832 0.195312    0.665   3.4048 0.018897
 177.148    176.3    0.845    90.63 -20.4381 0.195312    0.665   3.4048 0.0183208
 176.953    176.3     0.65   89.985  -20.684 0.195312    0.645   3.3024 0.0177706
 176.758    176.3    0.455    89.33 -20.9312 0.195312    0.655   3.3536 0.0172256
 176.562    176.3     0.26   88.685 -21.1743 0.195312    0.645   3.3024 0.0166951
 176.367    176.3    0.065   88.045 -21.4132 0.195312     0.64   3.2768 0.0161796
 176.172   176.17        0    87.42 -21.6427 0.195312    0.625      3.2 0.0156874
 175.977  175.975        0   86.795 -21.8725 0.195312    0.625      3.2 0.0151997
 175.781   175.78        0   86.175 -22.0976 0.195312     0.62   3.1744 0.014726
 175.586  175.585        0   85.565 -22.3178 0.195312     0.61   3.1232 0.0142652
 175.391   175.39        0    84.96  -22.533 0.195312    0.605   3.0976 0.0138176
 175.195  175.195        0    84.38 -22.7385 0.195312     0.58   2.9696 0.0133904
     175      175        0   83.795 -22.9433 0.195312    0.585   2.9952 0.0129671
 174.805    174.8        0   83.205 -23.1475 0.195312     0.59   3.0208 0.0125463
 174.609  174.605        0   82.645 -23.3411 0.195312     0.56   2.8672 0.0121472
 174.414   174.41        0   82.095 -23.5291 0.195312     0.55    2.816 0.0117596
 174.219  174.215        0   81.555 -23.7112 0.195312     0.54   2.7648 0.0113832
 174.023   174.02        0   81.025 -23.8875 0.195312     0.53   2.7136 0.0110171
 173.828  173.825        0   80.515  -24.054 0.195312     0.51   2.6112 0.0106682
 173.633   173.63        0    80.01 -24.2184 0.195312    0.505   2.5856 0.0103228
 173.438  173.435        0    79.52 -24.3766 0.195312     0.49   2.5088 0.00998759
 173.242   173.24        0   79.035 -24.5288 0.195312    0.485   2.4832 0.00966201
 173.047  173.045        0    78.57 -24.6747 0.195312    0.465   2.3808 0.00934571
 172.852   172.85        0   78.115 -24.8143 0.195312    0.455   2.3296 0.00903887
 172.656  172.655        0    77.67 -24.9477 0.195312    0.445   2.2784 0.00874056
 172.461   172.46        0    77.24 -25.0748 0.195312     0.43   2.2016 0.00845143
 172.266  172.265        0    76.82 -25.1955 0.195312     0.42   2.1504 0.00817039
  172.07   172.07        0    76.42 -25.3099 0.195312      0.4    2.048 0.00789784
 171.875  171.875        0   76.025  -25.418 0.195312    0.395   2.0224 0.00763316
  171.68  171.675        0    75.64 -25.5223 0.195312    0.385   1.9712 0.00736994
 171.484   171.48        0    75.27 -25.6177 0.195312     0.37   1.8944 0.00712096
 171.289  171.285        0    74.92 -25.7068 0.195312     0.35    1.792 0.00687923
 171.094   171.09        0    74.58 -25.7897 0.195312     0.34   1.7408 0.00664491
 170.898  170.895        0    74.25 -25.8664 0.195312     0.33   1.6896 0.00641732
 170.703    170.7        0   73.935  -25.937 0.195312    0.315   1.6128 0.00619689
 170.508  170.505        0   73.625  -26.004 0.195312     0.31   1.5872 0.00597948
 170.312   170.31        0   73.335 -26.0624 0.195312     0.29   1.4848 0.00577233
 170.117  170.115        0    73.06  -26.115 0.195312    0.275    1.408 0.00557112
 169.922   169.92        0   72.795 -26.1617 0.195312    0.265   1.3568 0.00537636
 169.727  169.725        0    72.54 -26.2026 0.195312    0.255   1.3056 0.00518728
 169.531   169.53        0   72.295 -26.2379 0.195312    0.245   1.2544 0.00500426
 169.336  169.335        0   72.065 -26.2675 0.195312     0.23   1.1776 0.00482667
 169.141   169.14        0    71.85 -26.2917 0.195312    0.215   1.1008 0.00465478
 168.945  168.945        0   71.635 -26.3123 0.195312    0.215   1.1008 0.00448565
  168.75   168.75        0    71.44 -26.3257 0.195312    0.195   0.9984 0.00432443
 168.555   168.55        0    71.25 -26.3339 0.195312     0.19   0.9728 0.00416426
 168.359  168.355        0   71.075 -26.3369 0.195312    0.175    0.896 0.00401338
 168.164   168.16        0    70.91 -26.3348 0.195312    0.165   0.8448 0.00386763
 167.969  167.965        0    70.75 -26.3295 0.195312     0.16   0.8192 0.00372485
 167.773   167.77        0    70.61 -26.3177 0.195312     0.14   0.7168 0.00358897
 167.578  167.575        0   70.475 -26.3012 0.195312    0.135   0.6912 0.00345775
 167.383   167.38        0    70.35 -26.2802 0.195312    0.125     0.64 0.00333104
 167.188  167.185        0   70.235 -26.2561 0.195312    0.115   0.5888 0.003207
 166.992   166.99        0    70.13 -26.2263 0.195312    0.105   0.5376 0.00308903
 166.797  166.795        0   70.035 -26.1922 0.195312    0.095   0.4864 0.00297514
 166.406  166.405        0   69.865 -26.1129 0.390625     0.17   0.4352 0.00275761
 166.016  166.015        0   69.735 -26.0168 0.390625     0.13   0.3328 0.00255658
 165.625  165.625        0   69.635 -25.9069 0.390625      0.1    0.256 0.0023682
 164.844   164.84        0    69.53 -25.6431  0.78125    0.105   0.1344 0.00202933
 164.062   164.06        0    69.54 -25.3315  0.78125    -0.01  -0.0128 0.00173856
   162.5    162.5        0   69.845 -24.5841   1.5625   -0.305  -0.1952 0.00127101
 160.938  160.935        0   70.465 -23.7021   1.5625    -0.62  -0.3968 0.000924267
 159.375  159.375        0   71.325 -22.7248   1.5625    -0.86  -0.5504 0.00066968
 158.594   158.59        0   71.825 -22.2126  0.78125     -0.5    -0.64 0.000568932
 157.812   157.81        0   72.355 -21.6977  0.78125    -0.53  -0.6784 0.000483103
 157.031   157.03        0    72.91 -21.1776  0.78125   -0.555  -0.7104 0.000409829
  156.25   156.25        0    73.49 -20.6531  0.78125    -0.58  -0.7424 0.000347551
 155.469  155.465        0    74.08  -20.122  0.78125    -0.59  -0.7552 0.000293985
 154.688  154.685        0   74.675 -19.5919  0.78125   -0.595  -0.7616 0.000248702
 153.906  153.905        0    75.27 -19.0602  0.78125   -0.595  -0.7616 0.000210199
 153.125  153.125        0    75.86 -18.5275  0.78125    -0.59  -0.7552 0.000177591
 152.344   152.34        0   76.435 -17.9913  0.78125   -0.575   -0.736 0.000149649
 151.562   151.56        0   76.995 -17.4589  0.78125    -0.56  -0.7168 0.000126187
 150.781   150.78        0   77.535 -16.9276  0.78125    -0.54  -0.6912 0.000106228
     150      150        0   78.045 -16.3977  0.78125    -0.51  -0.6528 8.93843e-05
 149.219  149.215        0    78.53 -15.8664  0.78125   -0.485  -0.6208 7.49959e-05
 148.438  148.435        0    78.98 -15.3408  0.78125    -0.45   -0.576 6.29566e-05
 147.656  147.655        0   79.395  -14.818  0.78125   -0.415  -0.5312 5.27474e-05
 146.875  146.875        0    79.77 -14.2981  0.78125   -0.375    -0.48 4.41614e-05
 146.094   146.09        0   80.105 -13.7782  0.78125   -0.335  -0.4288 3.68518e-05
 145.312   145.31        0   80.395 -13.2651  0.78125    -0.29  -0.3712 3.07579e-05
 144.531   144.53        0    80.64 -12.7558  0.78125   -0.245  -0.3136 2.56269e-05
  143.75   143.75        0    80.84 -12.2503  0.78125     -0.2   -0.256 2.13116e-05
 142.969  142.965        0       81 -11.7456  0.78125    -0.16  -0.2048 1.76655e-05
 142.188  142.185        0    81.11 -11.2482  0.78125    -0.11  -0.1408 1.46152e-05
 141.406  141.405        0   81.175 -10.7551  0.78125   -0.065  -0.0832 1.20706e-05
 139.844   139.84        0   81.175 -9.77866   1.5625        0        0 8.15274e-06
 136.719  136.715        0   80.685 -7.88221    3.125     0.49   0.1568 3.56511e-06
 135.156  135.155        0    80.23 -6.96242   1.5625    0.455   0.2912 2.2903e-06
 133.594   133.59        0   79.645 -6.05772   1.5625    0.585   0.3744 1.4261e-06
 132.031   132.03        0   78.955 -5.17382   1.5625     0.69   0.4416 8.56518e-07
 130.469  130.465        0    78.17 -4.30492   1.5625    0.785   0.5024 7.59438e-07
 128.906  128.905        0    77.31  -3.4564   1.5625     0.86   0.5504 7.55522e-07
 127.344   127.34        0   76.385 -2.62264   1.5625    0.925    0.592 7.51895e-07
 125.781   125.78        0    75.41 -1.80875   1.5625    0.975    0.624 7.48553e-07
     125      125        0    74.91 -1.40818  0.78125      0.5     0.64 7.46995e-07
 124.219  124.215        0   74.395 -1.00929  0.78125    0.515   0.6592 7.4548e-07
 123.438  123.435        0   73.875 -0.617137  0.78125     0.52   0.6656 7.44041e-07
 122.656  122.655        0   73.345 -0.229146  0.78125     0.53   0.6784 7.42658e-07
 121.875  121.875        0   72.815 0.154717  0.78125     0.53   0.6784 7.41332e-07
 121.094   121.09        0    72.27 0.536904  0.78125    0.545   0.6976 7.40077e-07
 120.312   120.31        0    71.73 0.912579  0.78125     0.54   0.6912 7.3887e-07
 119.531   119.53        0   71.185  1.28422  0.78125    0.545   0.6976 7.37726e-07
  118.75   118.75        0   70.635  1.65186  0.78125     0.55    0.704 7.36646e-07
 117.969  117.965        0   70.085  2.01785  0.78125     0.55    0.704 7.35589e-07
 117.188  117.185        0    69.53  2.37756  0.78125    0.555   0.7104 7.34603e-07
 116.406  116.405        0    68.98  2.73336  0.78125     0.55    0.704 7.33666e-07
 115.625  115.625        0   68.425  3.08529  0.78125    0.555   0.7104 7.32778e-07
 114.844   114.84        0    67.87   3.4356  0.78125    0.555   0.7104 7.31935e-07
 114.062   114.06        0   67.315  3.77985  0.78125    0.555   0.7104 7.31128e-07
 113.281   113.28        0   66.765  4.12031  0.78125     0.55    0.704 7.30372e-07
   112.5    112.5        0   66.215  4.45703  0.78125     0.55    0.704 7.29667e-07
 111.719  111.715        0    65.66  4.79216  0.78125    0.555   0.7104 7.28991e-07
 110.938  110.935        0   64.705  5.12146  0.78125    0.955   1.2224 7.37883e-07
 110.156  110.155        0   63.995   5.4471  0.78125     0.71   0.9088 7.40924e-07
 109.375  109.375        0    63.36  5.76912  0.78125    0.635   0.8128 7.42439e-07
 108.594   108.59        0   62.745  6.08958  0.78125    0.615   0.7872 7.43469e-07
 107.812   107.81        0    62.15  6.40443  0.78125    0.595   0.7616 7.44243e-07
 107.031   107.03        0   61.565  6.71575  0.78125    0.585   0.7488 7.44829e-07
  106.25   106.25        0   60.995  7.02358  0.78125     0.57   0.7296 7.45303e-07
 105.469  105.465        0    60.43  7.32989  0.78125    0.565   0.7232 7.45657e-07
 104.688  104.685        0   59.875  7.63081  0.78125    0.555   0.7104 7.4594e-07
 103.906  103.905        0    59.33  7.92833  0.78125    0.545   0.6976 7.46146e-07
 103.125  103.125        0   58.795  8.22248  0.78125    0.535   0.6848 7.46285e-07
 102.344   102.34        0    58.26  8.51515  0.78125    0.535   0.6848 7.4638e-07
 101.562   101.56        0    57.74  8.80264  0.78125     0.52   0.6656 7.46414e-07
 100.781   100.78        0   57.225  9.08686  0.78125    0.515   0.6592 7.46387e-07
     100      100        0    56.72  9.36784  0.78125    0.505   0.6464 7.46296e-07
 99.2188   99.215        0    56.22  9.64738  0.78125      0.5     0.64 7.4615e-07
 98.4375   98.435        0   55.735  9.92196  0.78125    0.485   0.6208 7.45899e-07
 97.6562   97.655        0   55.255  10.1934  0.78125     0.48   0.6144 7.45554e-07
  96.875   96.875        0   54.795  10.4617  0.78125     0.46   0.5888 7.45041e-07
 96.0938    96.09        0    54.34  10.7286  0.78125    0.455   0.5824 7.44296e-07
 95.3125    95.31        0   53.915  10.9907  0.78125    0.425    0.544 7.43251e-07
 94.5312    94.53        0    53.51  11.2499  0.78125    0.405   0.5184 7.4173e-07
   93.75    93.75        0    53.15   11.506  0.78125     0.36   0.4608 7.39498e-07
 92.9688   92.965        0   52.835  11.7607  0.78125    0.315   0.4032 7.36268e-07
 92.1875   92.185        0   52.585  12.0109  0.78125     0.25     0.32 7.31919e-07
 91.4062   91.405        0   52.375  12.2582  0.78125     0.21   0.2688 7.27149e-07
  90.625   90.625        0   52.105  12.5026  0.78125     0.27   0.3456 7.23836e-07
 89.8438    89.84        0    51.73  12.7456  0.78125    0.375     0.48 7.22644e-07
 89.0625    89.06        0   51.315  12.9843  0.78125    0.415   0.5312 7.22445e-07
 88.2812    88.28        0    50.89  13.2202  0.78125    0.425    0.544 7.22503e-07
    87.5     87.5        0    50.47  13.4533  0.78125     0.42   0.5376 7.22623e-07
 86.7188   86.715        0   50.055  13.6851  0.78125    0.415   0.5312 7.2276e-07
 85.9375   85.935        0   49.645  13.9126  0.78125     0.41   0.5248 7.22923e-07
 85.1562   85.155        0   49.235  14.1375  0.78125     0.41   0.5248 7.23096e-07
  84.375   84.375        0   48.835  14.3598  0.78125      0.4    0.512 7.2328e-07
 83.5938    83.59        0   48.435  14.5807  0.78125      0.4    0.512 7.23476e-07
 82.8125    82.81        0   48.045  14.7976  0.78125     0.39   0.4992 7.23714e-07
 82.0312    82.03        0    47.66   15.012  0.78125    0.385   0.4928 7.23943e-07
   81.25    81.25        0   47.275  15.2237  0.78125    0.385   0.4928 7.242e-07
 80.4688   80.465        0   46.895  15.4342  0.78125     0.38   0.4864 7.2447e-07
 79.6875   79.685        0    46.52  15.6409  0.78125    0.375     0.48 7.24745e-07
 78.9062   78.905        0   46.155   15.845  0.78125    0.365   0.4672 7.25047e-07
  78.125    78.12        0    45.79   16.048  0.78125    0.365   0.4672 7.25363e-07
 77.3438    77.34        0    45.43  16.2471  0.78125     0.36   0.4608 7.25683e-07
 76.5625    76.56        0   45.075  16.4439  0.78125    0.355   0.4544 7.2603e-07
 75.7812    75.78        0    44.72  16.6383  0.78125    0.355   0.4544 7.26385e-07
      75   74.995        0   44.375  16.8314  0.78125    0.345   0.4416 7.26755e-07
 74.2188   74.215        0    44.03   17.021  0.78125    0.345   0.4416 7.27146e-07
 73.4375   73.435        0   43.695  17.2083  0.78125    0.335   0.4288 7.27546e-07
 72.6562   72.655        0    43.36  17.3932  0.78125    0.335   0.4288 7.27972e-07
  71.875    71.87        0    43.03  17.5771  0.78125     0.33   0.4224 7.28396e-07
 71.0938    71.09        0   42.705  17.7575  0.78125    0.325    0.416 7.28839e-07
 70.3125    70.31        0   42.385  17.9356  0.78125     0.32   0.4096 7.29309e-07
 69.5312    69.53        0   42.065  18.1116  0.78125     0.32   0.4096 7.2977e-07
   68.75   68.745        0    41.75  18.2864  0.78125    0.315   0.4032 7.30265e-07
 67.9688   67.965        0   41.445   18.458  0.78125    0.305   0.3904 7.30761e-07
 67.1875   67.185        0   41.135  18.6275  0.78125     0.31   0.3968 7.31284e-07
 66.4062   66.405        0   40.835  18.7948  0.78125      0.3    0.384 7.31815e-07
  65.625    65.62        0   40.535  18.9611  0.78125      0.3    0.384 7.32363e-07
 64.8438    64.84        0    40.24  19.1244  0.78125    0.295   0.3776 7.32929e-07
 64.0625    64.06        0    39.95  19.2855  0.78125     0.29   0.3712 7.33505e-07
 63.2812    63.28        0   39.665  19.4447  0.78125    0.285   0.3648 7.3409e-07
    62.5   62.495        0   39.375   19.603  0.78125     0.29   0.3712 7.34691e-07
 61.7188   61.715        0   39.095  19.7583  0.78125     0.28   0.3584 7.35312e-07
 60.9375   60.935        0    38.82  19.9116  0.78125    0.275    0.352 7.35941e-07
 60.1562   60.155        0   38.545  20.0631  0.78125    0.275    0.352 7.36597e-07
  59.375    59.37        0    38.27  20.2138  0.78125    0.275    0.352 7.37255e-07
 58.5938    58.59        0       38  20.3616  0.78125     0.27   0.3456 7.3793e-07
 57.8125    57.81        0    37.73  20.5077  0.78125     0.27   0.3456 7.38632e-07
 57.0312    57.03        0   37.465   20.652  0.78125    0.265   0.3392 7.39327e-07
   56.25   56.245        0   37.205  20.7955  0.78125     0.26   0.3328 7.40059e-07
 55.4688   55.465        0   36.945  20.9365  0.78125     0.26   0.3328 7.40791e-07
 54.6875   54.685        0   36.685  21.0758  0.78125     0.26   0.3328 7.41551e-07
 53.9062   53.905        0   36.425  21.2136  0.78125     0.26   0.3328 7.42322e-07
  53.125    53.12        0    36.17  21.3507  0.78125    0.255   0.3264 7.43113e-07
 52.3438    52.34        0   35.915  21.4853  0.78125    0.255   0.3264 7.43906e-07
 51.5625    51.56        0   35.665  21.6186  0.78125     0.25     0.32 7.44727e-07
 50.7812    50.78        0    35.41  21.7504  0.78125    0.255   0.3264 7.4556e-07
      50   49.995        0   35.155  21.8817  0.78125    0.255   0.3264 7.46415e-07
 49.2188   49.215        0   34.905  22.0109  0.78125     0.25     0.32 7.4729e-07
 48.4375   48.435        0    34.65  22.1388  0.78125    0.255   0.3264 7.48177e-07
 47.6562   47.655        0     34.4  22.2655  0.78125     0.25     0.32 7.49094e-07
  46.875    46.87        0   34.145  22.3919  0.78125    0.255   0.3264 7.5002e-07
 46.0938    46.09        0    33.89  22.5164  0.78125    0.255   0.3264 7.50965e-07
 45.3125    45.31        0   33.635    22.64  0.78125    0.255   0.3264 7.51925e-07
 44.5312    44.53        0   33.375  22.7626  0.78125     0.26   0.3328 7.52917e-07
   43.75   43.745        0    33.11  22.8851  0.78125    0.265   0.3392 7.5392e-07
 42.9688   42.965        0   32.845  23.0061  0.78125    0.265   0.3392 7.54945e-07
 42.1875   42.185        0    32.58  23.1264  0.78125    0.265   0.3392 7.55987e-07
 41.4062   41.405        0   32.305  23.2462  0.78125    0.275    0.352 7.57064e-07
  40.625    40.62        0   32.025  23.3662  0.78125     0.28   0.3584 7.58156e-07
 39.8438    39.84        0    31.74  23.4852  0.78125    0.285   0.3648 7.59289e-07
 39.0625    39.06        0    31.45  23.6038  0.78125     0.29   0.3712 7.60426e-07
 38.2812    38.28        0   31.155  23.7224  0.78125    0.295   0.3776 7.61603e-07
    37.5   37.495        0    30.85  23.8417  0.78125    0.305   0.3904 7.628e-07
 36.7188   36.715        0   30.535  23.9604  0.78125    0.315   0.4032 7.64025e-07
 35.9375   35.935        0    30.21  24.0795  0.78125    0.325    0.416 7.65294e-07
 35.1562   35.155        0   29.875   24.199  0.78125    0.335   0.4288 7.66575e-07
  34.375   34.375        0   29.525  24.3192  0.78125     0.35    0.448 7.67892e-07
 33.5938    33.59        0   29.155  24.4411  0.78125     0.37   0.4736 7.69357e-07
 32.8125    32.81        0   28.775  24.5632  0.78125     0.38   0.4864 7.70834e-07
 32.0312    32.03        0   28.385  24.6867  0.78125     0.39   0.4992 7.72258e-07
   31.25    31.25        0    27.98  24.8117  0.78125    0.405   0.5184 7.73698e-07
 30.4688   30.465        0    27.55  24.9394  0.78125     0.43   0.5504 7.7519e-07
 29.6875   29.685        0     27.1  25.0684  0.78125     0.45    0.576 7.76703e-07
 28.9062   28.905        0   26.635     25.2  0.78125    0.465   0.5952 7.7827e-07
  28.125   28.125        0    26.14  25.3343  0.78125    0.495   0.6336 7.79879e-07
 27.3438    27.34        0    25.62  25.4728  0.78125     0.52   0.6656 7.81531e-07
 26.5625    26.56        0   25.075  25.6142  0.78125    0.545   0.6976 7.8321e-07
 25.7812    25.78        0   24.505  25.7597  0.78125     0.57   0.7296 7.84934e-07
      25       25        0   23.905    25.91  0.78125      0.6    0.768 7.86722e-07
 24.2188   24.215        0    23.27  26.0666  0.78125    0.635   0.8128 7.88546e-07
 23.4375   23.435        0    22.61  26.2282  0.78125     0.66   0.8448 7.90416e-07
 22.6562   22.655        0   21.915  26.3965  0.78125    0.695   0.8896 7.92322e-07
  21.875   21.875        0   21.195  26.5723  0.78125     0.72   0.9216 7.94279e-07
 21.0938    21.09        0   20.435  26.7578  0.78125     0.76   0.9728 7.96293e-07
 20.3125    20.31        0   19.655  26.9516  0.78125     0.78   0.9984 7.98321e-07
 19.5312    19.53        0   18.845   27.156  0.78125     0.81   1.0368 8.00401e-07
   18.75   18.745        0    18.01  27.3736  0.78125    0.835   1.0688 8.02519e-07
 17.9688   17.965        0   17.165  27.6032  0.78125    0.845   1.0816 8.04646e-07
 17.1875   17.185        0    16.31  27.8476  0.78125    0.855   1.0944 8.06799e-07
 16.4062   16.405        0   15.445  28.1086  0.78125    0.865   1.1072 8.08976e-07
  15.625    15.62        0    14.58  28.3901  0.78125    0.865   1.1072 8.11163e-07
 14.8438    14.84        0   13.725  28.6907  0.78125    0.855   1.0944 8.13322e-07
 14.0625    14.06        0    12.89  29.0148  0.78125    0.835   1.0688 8.15472e-07
 13.2812    13.28        0   12.075  29.3652  0.78125    0.815   1.0432 8.17575e-07
    12.5   12.495        0    11.28  29.7481  0.78125    0.795   1.0176 8.19666e-07
 11.7188   11.715        0    10.52  30.1626  0.78125     0.76   0.9728 8.21695e-07
 10.9375   10.935        0     9.79  30.6164  0.78125     0.73   0.9344 8.23672e-07
 10.1562   10.155        0    9.095  31.1162  0.78125    0.695   0.8896 8.25607e-07
   9.375     9.37        0     8.42  31.6752  0.78125    0.675    0.864 8.27513e-07
 8.59375     8.59        0     7.77     32.3  0.78125     0.65    0.832 8.29437e-07
  7.8125     7.81        0    7.135  33.0149  0.78125    0.635   0.8128 8.31421e-07
 7.03125     7.03        0      6.5  33.8528  0.78125    0.635   0.8128 8.33578e-07
    6.25     6.25        0    5.865  34.8667  0.78125    0.635   0.8128 8.36002e-07
 5.46875    5.465        0    5.215  36.1526  0.78125     0.65    0.832 8.38849e-07
  4.6875    4.685        0    4.575  37.8356  0.78125     0.64   0.8192 8.42222e-07
 3.90625    3.905        0        4  40.1442  0.78125    0.575    0.736 1.15326e-06
   3.125    3.125        0    3.625  43.3823  0.78125    0.375     0.48 0.000432012
 2.34375     2.34        0     4.62  47.5548  0.78125   -0.995  -1.2736 0.172144
 2.29492     2.29        0     5.27  47.7449 0.0488281    -0.65  -13.312 0.239096
 2.27051     2.27        0     5.67  47.8069 0.0244141     -0.4  -16.384 0.268362
 2.24609    2.245        0     6.38  47.8705 0.0244141    -0.71 -29.0816 0.303894
 2.23389     2.23        0    6.975  47.9002 0.012207   -0.595 -48.7424 0.322943
 2.22168     2.22        0    7.475   47.916 0.012207     -0.5   -40.96 0.333967
 2.20947    2.205        0    8.455  47.9332 0.012207    -0.98 -80.2816 0.347034
 2.20337      2.2        0     8.88  47.9371     0.01   -0.425    -42.5 0.350279
 2.19337     2.19        0    10.22  47.9421     0.01    -1.34     -134 0.354852
 2.18337     2.18        0   11.675   47.943     0.01   -1.455   -145.5 0.356648
 2.17337     2.17        0   13.625  47.9399     0.01    -1.95     -195 0.356646
 2.16337     2.16        0    16.32  47.9324     0.01   -2.695   -269.5 0.356633
 2.15337     2.15        0    20.24  47.9208     0.01    -3.92     -392 0.356605
 2.14337     2.14        0   26.375  47.9049     0.01   -6.135   -613.5 0.356557
 2.13337     2.13        0    36.01   47.885     0.01   -9.635   -963.5 0.356488
 2.12337     2.12        0   47.285  47.8613     0.01  -11.275  -1127.5 0.356399
 2.11337     2.11        0   57.015   47.834     0.01    -9.73     -973  0.35629
 2.10337      2.1        0    64.91  47.8036     0.01   -7.895   -789.5 0.356203
 2.09337     2.09        0     71.4  47.7705     0.01    -6.49     -649 0.356127
 2.08337     2.08        0    76.84   47.735     0.01    -5.44     -544 0.356044
 2.07337     2.07        0   81.465  47.6975     0.01   -4.625   -462.5 0.355958
 2.06337     2.06        0   85.445  47.6585     0.01    -3.98     -398  0.35587
 2.05337     2.05        0     88.9  47.6182     0.01   -3.455   -345.5 0.355779
 2.04337     2.04        0    91.92   47.577     0.01    -3.02     -302 0.355684
 2.03337     2.03        0    94.58  47.5352     0.01    -2.66     -266 0.355585
 2.02337     2.02        0    96.93  47.4929     0.01    -2.35     -235 0.355477
 2.01337     2.01        0    99.01  47.4505     0.01    -2.08     -208 0.355488
 2.00337        2        0  101.045   47.402     0.01   -2.035   -203.5 0.355493
 1.99337     1.99        0   103.06  47.3474     0.01   -2.015   -201.5 0.355493
 1.98337     1.98        0  104.885  47.2925     0.01   -1.825   -182.5 0.355493
 1.97337     1.97        0   106.54  47.2373     0.01   -1.655   -165.5 0.355493
 1.96337     1.96        0   108.05  47.1819     0.01    -1.51     -151 0.355493
 1.95337     1.95        0  109.435  47.1262     0.01   -1.385   -138.5 0.355493
 1.94337     1.94        0  110.705  47.0702     0.01    -1.27     -127 0.355493
 1.93337     1.93        0  111.875   47.014     0.01    -1.17     -117 0.355493
 1.92337     1.92        0   112.96  46.9574     0.01   -1.085   -108.5 0.355493
 1.91337     1.91        0  113.965  46.9005     0.01   -1.005   -100.5 0.355493
 1.90337      1.9        0  114.895  46.8434     0.01    -0.93      -93 0.355493
 1.89337     1.89        0  115.765  46.7859     0.01    -0.87      -87 0.355493
 1.88337     1.88        0  116.575  46.7281     0.01    -0.81      -81 0.355493
 1.87337     1.87        0  117.335    46.67     0.01    -0.76      -76 0.355493
 1.86337     1.86        0   118.05  46.6115     0.01   -0.715    -71.5 0.355493
 1.85337     1.85        0  118.725  46.5527     0.01   -0.675    -67.5 0.355493
 1.84337     1.84        0   119.36  46.4936     0.01   -0.635    -63.5 0.355493
 1.83337     1.83        0   119.96  46.4341     0.01     -0.6      -60 0.355493
 1.82337     1.82        0   120.53  46.3743     0.01    -0.57      -57 0.355493
 1.81337     1.81        0  121.075   46.314     0.01   -0.545    -54.5 0.355493
 1.80337      1.8        0  121.595  46.2535     0.01    -0.52      -52 0.355493
 1.79337     1.79        0   122.09  46.1925     0.01   -0.495    -49.5 0.355493
 1.78337     1.78        0  122.565  46.1311     0.01   -0.475    -47.5 0.355493
 1.77337     1.77        0   123.02  46.0694     0.01   -0.455    -45.5 0.355493
 1.76337     1.76        0  123.455  46.0072     0.01   -0.435    -43.5 0.355493
 1.75337     1.75        0  123.875  45.9447     0.01    -0.42      -42 0.355493
 1.74337     1.74        0  124.285  45.8817     0.01    -0.41      -41 0.355493
 1.73337     1.73        0   124.68  45.8183     0.01   -0.395    -39.5 0.355493
 1.72337     1.72        0   125.06  45.7544     0.01    -0.38      -38 0.355493
 1.71337     1.71        0   125.43  45.6901     0.01    -0.37      -37 0.355493
 1.70337      1.7        0   125.79  45.6254     0.01    -0.36      -36 0.355493
 1.69337     1.69        0   126.14  45.5601     0.01    -0.35      -35 0.355493
 1.68337     1.68        0   126.48  45.4944     0.01    -0.34      -34 0.355493
 1.67337     1.67        0  126.815  45.4283     0.01   -0.335    -33.5 0.355493
 1.66337     1.66        0  127.145  45.3616     0.01    -0.33      -33 0.355493
 1.65337     1.65        0  127.465  45.2944     0.01    -0.32      -32 0.355493
 1.64337     1.64        0  127.775  45.2268     0.01    -0.31      -31 0.355493
 1.63337     1.63        0  128.085  45.1586     0.01    -0.31      -31 0.355493
 1.62337     1.62        0   128.39  45.0898     0.01   -0.305    -30.5 0.355493
 1.61337     1.61        0  128.685  45.0206     0.01   -0.295    -29.5 0.355493
 1.60337      1.6        0   128.98  44.9507     0.01   -0.295    -29.5 0.355493
 1.59337     1.59        0   129.27  44.8804     0.01    -0.29      -29 0.355493
 1.58337     1.58        0   129.56  44.8094     0.01    -0.29      -29 0.355493
 1.57337     1.57        0   129.84  44.7379     0.01    -0.28      -28 0.355493
 1.56337     1.56        0   130.12  44.6657     0.01    -0.28      -28 0.355493
 1.55337     1.55        0    130.4   44.593     0.01    -0.28      -28 0.355493
 1.54337     1.54        0  130.675  44.5196     0.01   -0.275    -27.5 0.355493
 1.53337     1.53        0  130.945  44.4456     0.01    -0.27      -27 0.355493
 1.52337     1.52        0  131.215   44.371     0.01    -0.27      -27 0.355493
 1.51337     1.51        0  131.485  44.2957     0.01    -0.27      -27 0.355493
 1.50337      1.5        0  131.755  44.2198     0.01    -0.27      -27 0.355493
 1.49337     1.49        0   132.02  44.1431     0.01   -0.265    -26.5 0.355493
 1.48337     1.48        0  132.285  44.0658     0.01   -0.265    -26.5 0.355493
 1.47337     1.47        0  132.545  43.9878     0.01    -0.26      -26 0.355493
 1.46337     1.46        0   132.81  43.9091     0.01   -0.265    -26.5 0.355493
 1.45337     1.45        0   133.07  43.8296     0.01    -0.26      -26 0.355493
 1.44337     1.44        0   133.33  43.7494     0.01    -0.26      -26 0.355493
 1.43337     1.43        0   133.59  43.6684     0.01    -0.26      -26 0.355493
 1.42337     1.42        0   133.85  43.5867     0.01    -0.26      -26 0.355493
 1.41337     1.41        0   134.11  43.5042     0.01    -0.26      -26 0.355493
 1.40337      1.4        0  134.365  43.4209     0.01   -0.255    -25.5 0.355493
 1.39337     1.39        0  134.625  43.3368     0.01    -0.26      -26 0.355493
 1.38337     1.38        0   134.88  43.2519     0.01   -0.255    -25.5 0.355493
 1.37337     1.37        0   135.14  43.1661     0.01    -0.26      -26 0.355493
 1.36337     1.36        0    135.4  43.0795     0.01    -0.26      -26 0.355493
 1.35337     1.35        0  135.655  42.9921     0.01   -0.255    -25.5 0.355493
 1.34337     1.34        0  135.915  42.9037     0.01    -0.26      -26 0.355493
 1.33337     1.33        0   136.17  42.8145     0.01   -0.255    -25.5 0.355493
 1.32337     1.32        0   136.43  42.7243     0.01    -0.26      -26 0.355493
 1.31337     1.31        0  136.685  42.6332     0.01   -0.255    -25.5 0.355493
 1.30337      1.3        0  136.945  42.5412     0.01    -0.26      -26 0.355493
 1.29337     1.29        0  137.205  42.4483     0.01    -0.26      -26 0.355493
 1.28337     1.28        0  137.465  42.3543     0.01    -0.26      -26 0.355493
 1.27337     1.27        0  137.725  42.2594     0.01    -0.26      -26 0.355493
 1.26337     1.26        0  137.985  42.1635     0.01    -0.26      -26 0.355493
 1.25337     1.25        0  138.245  42.0666     0.01    -0.26      -26 0.355493
 1.24337     1.24        0  138.505  41.9686     0.01    -0.26      -26 0.355493
 1.23337     1.23        0  138.765  41.8696     0.01    -0.26      -26 0.355493
 1.22337     1.22        0  139.025  41.7696     0.01    -0.26      -26 0.355493
 1.21337     1.21        0   139.29  41.6684     0.01   -0.265    -26.5 0.355493
 1.20337      1.2        0  139.555  41.5662     0.01   -0.265    -26.5 0.355493
 1.19337     1.19        0  139.815  41.4629     0.01    -0.26      -26 0.355493
 1.18337     1.18        0   140.08  41.3584     0.01   -0.265    -26.5 0.355493
 1.17337     1.17        0  140.345  41.2528     0.01   -0.265    -26.5 0.355493
 1.16337     1.16        0   140.61   41.146     0.01   -0.265    -26.5 0.355493
 1.15337     1.15        0  140.875   41.038     0.01   -0.265    -26.5 0.355493
 1.14337     1.14        0   141.14  40.9289     0.01   -0.265    -26.5 0.355493
 1.13337     1.13        0   141.41  40.8185     0.01    -0.27      -27 0.355493
 1.12337     1.12        0   141.68   40.707     0.01    -0.27      -27 0.355493
 1.11337     1.11        0  141.945  40.5941     0.01   -0.265    -26.5 0.355493
 1.10337      1.1        0  142.215    40.48     0.01    -0.27      -27 0.355493
 1.09337     1.09        0  142.485  40.3647     0.01    -0.27      -27 0.355493
 1.08337     1.08        0  142.755   40.248     0.01    -0.27      -27 0.355493
 1.07337     1.07        0  143.025    40.13     0.01    -0.27      -27 0.355493
 1.06337     1.06        0    143.3  40.0107     0.01   -0.275    -27.5 0.355493
 1.05337     1.05        0   143.57    39.89     0.01    -0.27      -27 0.355493
 1.04337     1.04        0  143.845  39.7679     0.01   -0.275    -27.5 0.355493
 1.03337     1.03        0   144.12  39.6445     0.01   -0.275    -27.5 0.355493
 1.02337     1.02        0  144.395  39.5196     0.01   -0.275    -27.5 0.355493
 1.01337     1.01        0   144.67  39.3933     0.01   -0.275    -27.5 0.355493
 1.00337        1        0  144.945  39.2655     0.01   -0.275    -27.5 0.355493
0.993369     0.99        0  145.225  39.1362     0.01    -0.28      -28 0.355493
0.983369     0.98        0    145.5  39.0055     0.01   -0.275    -27.5 0.355493
0.973369     0.97        0   145.78  38.8732     0.01    -0.28      -28 0.355493
0.963369     0.96        0   146.06  38.7394     0.01    -0.28      -28 0.355493
0.953369     0.95        0   146.34   38.604     0.01    -0.28      -28 0.355493
0.943369     0.94        0   146.62  38.4669     0.01    -0.28      -28 0.355493
0.933369     0.93        0    146.9  38.3283     0.01    -0.28      -28 0.355493
0.923369     0.92        0   147.18   38.188     0.01    -0.28      -28 0.355493
0.913369     0.91        0  147.465   38.046     0.01   -0.285    -28.5 0.355493
0.903369      0.9        0   147.75  37.9023     0.01   -0.285    -28.5 0.355493
0.893369     0.89        0   148.03  37.7568     0.01    -0.28      -28 0.355493
0.883369     0.88        0  148.315  37.6096     0.01   -0.285    -28.5 0.355493
0.873369     0.87        0  148.605  37.4605     0.01    -0.29      -29 0.355493
0.863369     0.86        0   148.89  37.3095     0.01   -0.285    -28.5 0.355493
0.853369     0.85        0  149.175  37.1566     0.01   -0.285    -28.5 0.355493
0.843369     0.84        0  149.465  37.0018     0.01    -0.29      -29 0.355493
0.833369     0.83        0  149.755   36.845     0.01    -0.29      -29 0.355493
0.823369     0.82        0  150.045  36.6861     0.01    -0.29      -29 0.355493
0.813369     0.81        0  150.335   36.525     0.01    -0.29      -29 0.355493
0.803369      0.8        0  150.625  36.3618     0.01    -0.29      -29 0.355493
0.793369     0.79        0  150.915  36.1964     0.01    -0.29      -29 0.355493
0.783369     0.78        0   151.21  36.0286     0.01   -0.295    -29.5 0.355493
0.773369     0.77        0  151.505  35.8585     0.01   -0.295    -29.5 0.355493
0.763369     0.76        0    151.8  35.6858     0.01   -0.295    -29.5 0.355493
0.753369     0.75        0  152.095  35.5106     0.01   -0.295    -29.5 0.355493
0.743369     0.74        0   152.39  35.3328     0.01   -0.295    -29.5 0.355493
0.733369     0.73        0  152.685  35.1521     0.01   -0.295    -29.5 0.355493
0.723369     0.72        0  152.985  34.9686     0.01     -0.3      -30 0.355493
0.713369     0.71        0  153.285   34.782     0.01     -0.3      -30 0.355493
0.703369      0.7        0  153.585  34.5922     0.01     -0.3      -30 0.355493
0.693369     0.69        0  153.885  34.3992     0.01     -0.3      -30 0.355493
0.683369     0.68        0  154.185  34.2027     0.01     -0.3      -30 0.355493
0.673369     0.67        0   154.49   34.003     0.01   -0.305    -30.5 0.355493
0.663369     0.66        0  154.795  33.8033     0.01   -0.305    -30.5 0.355493
0.653369     0.65        0    155.1   33.604     0.01   -0.305    -30.5 0.355493
0.643369     0.64        0  155.405  33.4051     0.01   -0.305    -30.5 0.355493
0.633369     0.63        0   155.71  33.2067     0.01   -0.305    -30.5 0.355493
0.623369     0.62        0  156.015  33.0087     0.01   -0.305    -30.5 0.355493
0.613369     0.61        0   156.32  32.8111     0.01   -0.305    -30.5 0.355493
0.603369      0.6        0   156.63  32.6141     0.01    -0.31      -31 0.355493
0.593369     0.59        0  156.935  32.4176     0.01   -0.305    -30.5 0.355493
0.583369     0.58        0  157.245  32.2217     0.01    -0.31      -31 0.355493
0.573369     0.57        0  157.555  32.0263     0.01    -0.31      -31 0.355493
0.563369     0.56        0  157.865  31.8315     0.01    -0.31      -31 0.355493
0.553369     0.55        0  158.175  31.6374     0.01    -0.31      -31 0.355493
0.543369     0.54        0  158.485   31.444     0.01    -0.31      -31 0.355493
0.533369     0.53        0  158.795  31.2513     0.01    -0.31      -31 0.355493
0.523369     0.52        0   159.11  31.0592     0.01   -0.315    -31.5 0.355493
0.513369     0.51        0   159.42  30.8682     0.01    -0.31      -31 0.355493
0.503369      0.5        0  159.735  30.6779     0.01   -0.315    -31.5 0.355493
0.493369     0.49        0   160.05  30.4885     0.01   -0.315    -31.5 0.355493
0.483369     0.48        0  160.365     30.3     0.01   -0.315    -31.5 0.355493
0.473369     0.47        0   160.68  30.1126     0.01   -0.315    -31.5 0.355493
0.463369     0.46        0      161  29.9263     0.01    -0.32      -32 0.355493
0.453369     0.45        0  161.315  29.7411     0.01   -0.315    -31.5 0.355493
0.443369     0.44        0  161.635  29.5572     0.01    -0.32      -32 0.355493
0.433369     0.43        0  161.955  29.3746     0.01    -0.32      -32 0.355493
0.423369     0.42        0  162.275  29.1934     0.01    -0.32      -32 0.355493
0.413369     0.41        0  162.595  29.0136     0.01    -0.32      -32 0.355493
0.403369      0.4        0  162.915  28.8354     0.01    -0.32      -32 0.355493
0.393369     0.39        0   163.24   28.659     0.01   -0.325    -32.5 0.355493
0.383369     0.38        0  163.565  28.4843     0.01   -0.325    -32.5 0.355493
0.373369     0.37        0  163.885  28.3116     0.01    -0.32      -32 0.355493
0.363369     0.36        0   164.21   28.141     0.01   -0.325    -32.5 0.355493
0.353369     0.35        0  164.535  27.9725     0.01   -0.325    -32.5 0.355493
0.343369     0.34        0  164.865  27.8064     0.01    -0.33      -33 0.355493
0.333369     0.33        0   165.19  27.6428     0.01   -0.325    -32.5 0.355493
0.323369     0.32        0   165.52   27.482     0.01    -0.33      -33 0.355493
0.313369     0.31        0  165.845  27.3239     0.01   -0.325    -32.5 0.355493
0.303369      0.3        0  166.175  27.1688     0.01    -0.33      -33 0.355493
0.293369     0.29        0  166.505  27.0172     0.01    -0.33      -33 0.355493
0.283369     0.28        0   166.84   26.869     0.01   -0.335    -33.5 0.355493
0.273369     0.27        0   167.17  26.7244     0.01    -0.33      -33 0.355493
0.263369     0.26        0    167.5  26.5838     0.01    -0.33      -33 0.355493
0.253369     0.25        0  167.835  26.4475     0.01   -0.335    -33.5 0.355493
0.243369     0.24        0  168.165  26.3157     0.01    -0.33      -33 0.355493
0.233369     0.23        0    168.5  26.1886     0.01   -0.335    -33.5 0.355493
0.223369     0.22        0  168.835  26.0667     0.01   -0.335    -33.5 0.355493
0.213369     0.21        0  169.165  25.9503     0.01    -0.33      -33 0.355493
0.203369      0.2        0    169.5  25.8396     0.01   -0.335    -33.5 0.355493
0.193369     0.19        0  169.835  25.7351     0.01   -0.335    -33.5 0.355493
0.183369     0.18        0   170.17  25.6373     0.01   -0.335    -33.5 0.355493
0.173369     0.17        0  170.505  25.5464     0.01   -0.335    -33.5 0.355493
0.163369     0.16        0  170.835  25.4627     0.01    -0.33      -33 0.355493
0.153369     0.15        0   171.17  25.3865     0.01   -0.335    -33.5 0.355497
0.143369     0.14        0  171.505   25.318     0.01   -0.335    -33.5  0.35551
0.133369     0.13        0  171.835  25.2572     0.01    -0.33      -33 0.355538
0.123369     0.12        0   172.17  25.2038     0.01   -0.335    -33.5 0.355582
0.113369     0.11        0  172.505  25.1576     0.01   -0.335    -33.5 0.355641
0.103369      0.1        0  172.835  25.1179     0.01    -0.33      -33 0.355711
0.0933691     0.09        0   173.17  25.0842     0.01   -0.335    -33.5 0.355826
0.0833691     0.08        0   173.51  25.0557     0.01    -0.34      -34 0.355966
0.0733691     0.07        0  173.845  25.0317     0.01   -0.335    -33.5 0.356107
0.0633691     0.06        0  174.185  25.0113     0.01    -0.34      -34  0.35624
0.0533691     0.05        0   174.53  24.9938     0.01   -0.345    -34.5 0.356358
0.0433691     0.04        0  174.875  24.9787     0.01   -0.345    -34.5 0.356453
0.0333691     0.03        0  175.225  24.9652     0.01    -0.35      -35 0.356518
0.0233691     0.02        0   175.58  24.9529     0.01   -0.355    -35.5 0.356544
0.0133691     0.01        0   175.94  24.9412     0.01    -0.36      -36 0.356579
0.00336914    0.005        0   176.12  24.9355     0.01    -0.18      -18  0.35662
