# S1-S2 restitution for CRN98 icl cell. Adaptive step
# step: step in S2 interval
# delta: Difference in S2 APD from previous S2.
# d/dt: rate of change of S2 APD
#     S2 S1 APD90       DI S2 APD90    Vpeak     step    delta     d/dt  INa act
    1075  297.265   777.73  298.925   24.952       25     0.57   0.0228 0.332687
    1050  297.265  752.735  298.325  24.9532       25      0.6    0.024 0.332522
    1025  297.265  727.735    297.7  24.9418       25    0.625    0.025 0.332149
    1000  297.265  702.735   297.03  24.9434       25     0.67   0.0268 0.331983
     975  297.265  677.735   296.32  24.9451       25     0.71   0.0284 0.331824
     950  297.265  652.735   295.58  24.9336       25     0.74   0.0296 0.331425
     925  297.265  627.735  294.785  24.9355       25    0.795   0.0318 0.331112
     900  297.265  602.735  293.945  24.9373       25     0.84   0.0336 0.330919
     875  297.265  577.735  293.055  24.9258       25     0.89   0.0356 0.330443
     850  297.265  552.735  292.095  24.9277       25     0.96   0.0384 0.330078
   837.5  297.265  540.235   291.59  24.9283     12.5    0.505   0.0404 0.329934
     825  297.265  527.735  291.075  24.9157     12.5    0.515   0.0412 0.329579
   812.5  297.265  515.235   290.53  24.9166     12.5    0.545   0.0436 0.329344
     800  297.265  502.735  289.955  24.9172     12.5    0.575    0.046 0.329096
   787.5  297.265  490.235   289.36  24.9173     12.5    0.595   0.0476 0.328919
     775  297.265  477.735  288.745  24.9045     12.5    0.615   0.0492 0.328513
   762.5  297.265  465.235   288.09  24.9047     12.5    0.655   0.0524 0.328202
     750  297.265  452.735  287.395  24.9043     12.5    0.695   0.0556 0.327945
   737.5  297.265  440.235  286.675  24.8907     12.5     0.72   0.0576 0.327511
     725  297.265  427.735  285.895    24.89     12.5     0.78   0.0624 0.327149
   712.5  297.265  415.235  285.065  24.8885     12.5     0.83   0.0664 0.326818
     700  297.265  402.735   284.19  24.8735     12.5    0.875     0.07 0.326312
   687.5  297.265  390.235  283.235  24.8708     12.5    0.955   0.0764  0.32584
  681.25  297.265  383.985   282.73  24.8691     6.25    0.505   0.0808 0.325666
     675  297.265  377.735   282.22  24.8541     6.25     0.51   0.0816 0.325313
  668.75  297.265  371.485  281.675   24.852     6.25    0.545   0.0872 0.325089
   662.5  297.265  365.235  281.105  24.8495     6.25     0.57   0.0912  0.32482
  656.25  297.265  358.985  280.515  24.8466     6.25     0.59   0.0944 0.324528
     650  297.265  352.735    279.9  24.8432     6.25    0.615   0.0984  0.32432
  643.75  297.265  346.485  279.265  24.8265     6.25    0.635   0.1016 0.323905
   637.5  297.265  340.235  278.595  24.8223     6.25     0.67   0.1072 0.323601
  631.25  297.265  333.985  277.895  24.8174     6.25      0.7    0.112 0.323238
     625  297.265  327.735   277.17  24.7986     6.25    0.725    0.116 0.322814
  618.75  297.265  321.485  276.405  24.7925     6.25    0.765   0.1224 0.322508
   612.5  297.265  315.235  275.605  24.7854     6.25      0.8    0.128 0.322134
  606.25  297.265  308.985  274.765  24.7771     6.25     0.84   0.1344 0.321714
     600  297.265  302.735    273.9  24.7547     6.25    0.865   0.1384 0.321221
  593.75  297.265  296.485  272.985  24.7442     6.25    0.915   0.1464 0.320813
   587.5  297.265  290.235  272.025  24.7321     6.25     0.96   0.1536 0.320319
  581.25  297.265  283.985  271.035  24.7052     6.25     0.99   0.1584 0.319709
 578.125  297.265   280.86   270.52  24.6976    3.125    0.515   0.1648 0.319486
     575  297.265  277.735   269.99  24.6896    3.125     0.53   0.1696 0.319237
 571.875  297.265   274.61   269.45  24.6809    3.125     0.54   0.1728 0.318963
  568.75  297.265  271.485    268.9  24.6716    3.125     0.55    0.176 0.318661
 565.625  297.265   268.36  268.335  24.6615    3.125    0.565   0.1808 0.318331
   562.5  297.265  265.235   267.77   24.638    3.125    0.565   0.1808 0.317912
 559.375  297.265   262.11   267.18  24.6267    3.125     0.59   0.1888 0.317637
  556.25  297.265  258.985   266.58  24.6146    3.125      0.6    0.192 0.317332
 553.125  297.265   255.86   265.97  24.6016    3.125     0.61   0.1952 0.316994
     550  297.265  252.735  265.345  24.5877    3.125    0.625      0.2 0.316624
 546.875  297.265   249.61   264.72  24.5598    3.125    0.625      0.2 0.316066
  543.75  297.265  246.485   264.07   24.544    3.125     0.65    0.208 0.315725
 540.625  297.265   243.36  263.405  24.5271    3.125    0.665   0.2128 0.315368
   537.5  297.265  240.235   262.73  24.5089    3.125    0.675    0.216 0.314974
 534.375  297.265   237.11   262.04  24.4894    3.125     0.69   0.2208 0.314542
  531.25  297.265  233.985   261.35  24.4555    3.125     0.69   0.2208 0.313915
 528.125  297.265   230.86   260.64  24.4334    3.125     0.71   0.2272 0.313415
     525  297.265  227.735   259.91  24.4096    3.125     0.73   0.2336 0.312981
 521.875  297.265   224.61   259.17   24.384    3.125     0.74   0.2368 0.312502
  518.75  297.265  221.485   258.42  24.3567    3.125     0.75     0.24 0.311977
 515.625  297.265   218.36  257.665  24.3145    3.125    0.755   0.2416 0.311251
   512.5  297.265  215.235   256.89  24.2833    3.125    0.775    0.248 0.310636
 509.375  297.265   212.11    256.1  24.2499    3.125     0.79   0.2528 0.310035
  506.25  297.265  208.985    255.3  24.2139    3.125      0.8    0.256 0.309433
 503.125  297.265   205.86  254.485  24.1752    3.125    0.815   0.2608 0.308776
     500  297.265  202.735   253.67  24.1214    3.125    0.815   0.2608 0.307913
 496.875  297.265   199.61  252.835  24.0775    3.125    0.835   0.2672 0.307148
  493.75  297.265  196.485  251.985  24.0304    3.125     0.85    0.272 0.306335
 490.625  297.265   193.36  251.125  23.9798    3.125     0.86   0.2752 0.305561
   487.5  297.265  190.235  250.265  23.9127    3.125     0.86   0.2752  0.30457
 484.375  297.265   187.11   249.38   23.855    3.125    0.885   0.2832 0.303669
  481.25  297.265  183.985   248.49  23.7931    3.125     0.89   0.2848 0.302698
 478.125  297.265   180.86  247.585  23.7268    3.125    0.905   0.2896 0.301653
     475  297.265  177.735   246.68  23.6428    3.125    0.905   0.2896 0.300452
 471.875  297.265   174.61  245.755  23.5671    3.125    0.925    0.296  0.29937
  468.75  297.265  171.485   244.82  23.4859    3.125    0.935   0.2992 0.298205
 465.625  297.265   168.36   243.88  23.3988    3.125     0.94   0.3008 0.296955
   462.5  297.265  165.235  242.925  23.3055    3.125    0.955   0.3056 0.295616
 459.375  297.265   162.11  241.975  23.1932    3.125     0.95    0.304 0.294047
  456.25  297.265  158.985  241.005  23.0867    3.125     0.97   0.3104 0.292614
 453.125  297.265   155.86   240.03  22.9726    3.125    0.975    0.312 0.291093
     450  297.265  152.735  239.045  22.8504    3.125    0.985   0.3152 0.289468
 446.875  297.265   149.61   238.06  22.7073    3.125    0.985   0.3152 0.287597
  443.75  297.265  146.485   237.06  22.5678    3.125        1     0.32 0.285761
 442.188  297.265   144.92  236.555  22.4943   1.5625    0.505   0.3232 0.284798
 440.625  297.265   143.36  236.055  22.4185   1.5625      0.5     0.32 0.283809
 439.062  297.265  141.795  235.545  22.3398   1.5625     0.51   0.3264 0.282787
   437.5  297.265  140.235   235.04  22.2586   1.5625    0.505   0.3232 0.281758
 435.938  297.265   138.67   234.54   22.162   1.5625      0.5     0.32 0.280569
 434.375  297.265   137.11   234.03  22.0754   1.5625     0.51   0.3264 0.279495
 432.812  297.265  135.545   233.52  21.9856   1.5625     0.51   0.3264 0.278384
  431.25  297.265  133.985  233.005   21.893   1.5625    0.515   0.3296 0.277243
 429.688  297.265   132.42   232.49  21.7968   1.5625    0.515   0.3296 0.276063
 428.125  297.265   130.86  231.975  21.6977   1.5625    0.515   0.3296 0.274851
 426.562  297.265  129.295  231.455  21.5948   1.5625     0.52   0.3328 0.273599
     425  297.265  127.735   230.95  21.4763   1.5625    0.505   0.3232 0.272177
 423.438  297.265   126.17   230.43  21.3665   1.5625     0.52   0.3328 0.270854
 421.875  297.265   124.61  229.905  21.2533   1.5625    0.525    0.336 0.269498
 420.312  297.265  123.045  229.385  21.1359   1.5625     0.52   0.3328 0.268098
  418.75  297.265  121.485   228.86  21.0148   1.5625    0.525    0.336 0.266662
 417.188  297.265   119.92  228.335  20.8893   1.5625    0.525    0.336 0.265181
 415.625  297.265   118.36   227.81  20.7598   1.5625    0.525    0.336 0.263663
 414.062  297.265  116.795   227.28  20.6255   1.5625     0.53   0.3392 0.262098
   412.5  297.265  115.235  226.765  20.4748   1.5625    0.515   0.3296 0.260365
 410.938  297.265   113.67  226.235  20.3314   1.5625     0.53   0.3392 0.258715
 409.375  297.265   112.11  225.705  20.1835   1.5625     0.53   0.3392 0.257026
 407.812  297.265  110.545  225.175  20.0302   1.5625     0.53   0.3392 0.255284
  406.25  297.265  108.985   224.64  19.8722   1.5625    0.535   0.3424 0.253501
 404.688  297.265   107.42  224.105  19.7082   1.5625    0.535   0.3424 0.251664
 403.125  297.265   105.86  223.575  19.5391   1.5625     0.53   0.3392 0.249783
 401.562  297.265  104.295  223.045  19.3515   1.5625     0.53   0.3392 0.247721
     400  297.265  102.735   222.51   19.171   1.5625    0.535   0.3424 0.245741
 398.438  297.265   101.17   221.97  18.9838   1.5625     0.54   0.3456 0.243702
 396.875  297.265    99.61   221.43  18.7908   1.5625     0.54   0.3456 0.241615
 395.312  297.265   98.045   220.89  18.5905   1.5625     0.54   0.3456 0.239465
  393.75  297.265   96.485   220.35  18.3841   1.5625     0.54   0.3456 0.237266
 392.188  297.265    94.92  219.805    18.17   1.5625    0.545   0.3488 0.235001
 390.625  297.265    93.36   219.27  17.9372   1.5625    0.535   0.3424 0.232566
 389.062  297.265   91.795   218.72  17.7086   1.5625     0.55    0.352 0.230185
   387.5  297.265   90.235  218.175  17.4729   1.5625    0.545   0.3488 0.227748
 385.938  297.265    88.67  217.625  17.2284   1.5625     0.55    0.352  0.22524
 384.375  297.265    87.11   217.07  16.9764   1.5625    0.555   0.3552 0.222675
 382.812  297.265   85.545  216.515  16.7149   1.5625    0.555   0.3552 0.220035
  381.25  297.265   83.985   215.96  16.4455   1.5625    0.555   0.3552 0.217336
 379.688  297.265    82.42   215.41  16.1545   1.5625     0.55    0.352 0.214449
 378.125  297.265    80.86  214.845  15.8668   1.5625    0.565   0.3616 0.211614
 376.562  297.265   79.295   214.28  15.5684   1.5625    0.565   0.3616 0.208698
     375  297.265   77.735   213.71   15.261   1.5625     0.57   0.3648 0.205718
 373.438  297.265    76.17   213.14  14.9422   1.5625     0.57   0.3648 0.202655
 371.875  297.265    74.61  212.565  14.6136   1.5625    0.575    0.368 0.199534
 370.312  297.265   73.045   211.99  14.2618   1.5625    0.575    0.368 0.196253
  368.75  297.265   71.485    211.4  13.9114   1.5625     0.59   0.3776 0.193009
 367.188  297.265    69.92   210.81  13.5481   1.5625     0.59   0.3776 0.189678
 365.625  297.265    68.36   210.21   13.174   1.5625      0.6    0.384 0.186279
 364.062  297.265   66.795  209.605  12.7863   1.5625    0.605   0.3872 0.182791
   362.5  297.265   65.235      209  12.3763   1.5625    0.605   0.3872 0.179141
 360.938  297.265    63.67   208.38  11.9634   1.5625     0.62   0.3968 0.175523
 359.375  297.265    62.11   207.75  11.5385   1.5625     0.63   0.4032 0.171857
 357.812  297.265   60.545   207.11  11.0987   1.5625     0.64   0.4096 0.168103
  356.25  297.265   58.985   206.46  10.6464   1.5625     0.65    0.416 0.164283
 354.688  297.265    57.42  205.795  10.1679   1.5625    0.665   0.4256 0.160291
 353.125  297.265    55.86   205.12  9.68739   1.5625    0.675    0.432 0.156363
 351.562  297.265   54.295  204.425  9.19071   1.5625    0.695   0.4448 0.152359
     350  297.265   52.735  203.715  8.68064   1.5625     0.71   0.4544 0.148297
 348.438  297.265    51.17  202.985  8.14371   1.5625     0.73   0.4672 0.144082
 346.875  297.265    49.61   202.23  7.60376   1.5625    0.755   0.4832  0.13994
 345.312  297.265   48.045  201.455  7.04667   1.5625    0.775    0.496 0.135723
  343.75  297.265   46.485   200.65  6.47591   1.5625    0.805   0.5152 0.131463
 342.188  297.265    44.92   199.82   5.8782   1.5625     0.83   0.5312 0.127113
 340.625  297.265    43.36  198.955  5.27687   1.5625    0.865   0.5536 0.122804
 339.062  297.265   41.795   198.05  4.65812   1.5625    0.905   0.5792 0.118447
   337.5  297.265   40.235   197.11  4.01684   1.5625     0.94   0.6016 0.114045
 335.938  297.265    38.67  196.125  3.36797   1.5625    0.985   0.6304 0.109665
 335.156  297.265    37.89   195.61  3.03898  0.78125    0.515   0.6592 0.107481
 334.375  297.265    37.11   195.09   2.6971  0.78125     0.52   0.6656 0.105249
 333.594  297.265   36.325   194.55  2.35887  0.78125     0.54   0.6912 0.103058
 332.812  297.265   35.545  193.995  2.01918  0.78125    0.555   0.7104  0.10088
 332.031  297.265   34.765   193.43  1.67592  0.78125    0.565   0.7232 0.0987002
  331.25  297.265   33.985  192.845  1.32918  0.78125    0.585   0.7488 0.0965349
 330.469  297.265     33.2   192.24 0.968005  0.78125    0.605   0.7744 0.0943094
 329.688  297.265    32.42  191.625   0.6147  0.78125    0.615   0.7872 0.0921532
 328.906  297.265    31.64   190.99 0.258136  0.78125    0.635   0.8128 0.0900009
 328.125  297.265    30.86  190.335 -0.101671  0.78125    0.655   0.8384 0.0878605
 327.344  297.265   30.075  189.655 -0.475421  0.78125     0.68   0.8704 0.0856741
 326.562  297.265   29.295   188.96 -0.841146  0.78125    0.695   0.8896 0.0835574
 325.781  297.265   28.515   188.24 -1.20984  0.78125     0.72   0.9216 0.0814493
     325  297.265   27.735    187.5 -1.58139  0.78125     0.74   0.9472 0.0793546
 324.219  297.265    26.95  186.725 -1.96616  0.78125    0.775    0.992 0.0772256
 323.438  297.265    26.17  185.935 -2.34281  0.78125     0.79   1.0112 0.0751662
 322.656  297.265    25.39   185.12   -2.722  0.78125    0.815   1.0432 0.0731206
 321.875  297.265    24.61   184.27 -3.11149  0.78125     0.85    1.088 0.0710522
 321.094  297.265   23.825   183.39 -3.49753  0.78125     0.88   1.1264 0.0690381
 320.312  297.265   23.045  182.485 -3.88325  0.78125    0.905   1.1584 0.0670543
 319.531  297.265   22.265  181.545 -4.27861  0.78125     0.94   1.2032 0.0650535
  318.75  297.265   21.485   180.57 -4.66786  0.78125    0.975    1.248 0.0631114
 318.359  297.265    21.09   180.07 -4.86564 0.390625      0.5     1.28 0.0621383
 317.969  297.265     20.7   179.56 -5.06134 0.390625     0.51   1.3056 0.0611847
 317.578  297.265    20.31  179.035 -5.26489 0.390625    0.525    1.344 0.0602031
 317.188  297.265    19.92   178.51 -5.46115 0.390625    0.525    1.344 0.0592619
 316.797  297.265    19.53  177.975 -5.65777 0.390625    0.535   1.3696 0.0583267
 316.406  297.265    19.14  177.425  -5.8547 0.390625     0.55    1.408 0.0573975
 316.016  297.265    18.75   176.87 -6.05193 0.390625    0.555   1.4208 0.0564747
 315.625  297.265    18.36  176.295 -6.25671 0.390625    0.575    1.472 0.0555271
 315.234  297.265   17.965  175.705 -6.45682 0.390625     0.59   1.5104 0.0546067
 314.844  297.265   17.575  175.115 -6.65465 0.390625     0.59   1.5104 0.0537054
 314.453  297.265   17.185  174.515 -6.85267 0.390625      0.6    1.536 0.0528128
 314.062  297.265   16.795  173.905 -7.05088 0.390625     0.61   1.5616 0.051927
 313.672  297.265   16.405  173.265 -7.25622 0.390625     0.64   1.6384 0.0510199
 313.281  297.265   16.015   172.63 -7.45454 0.390625    0.635   1.6256 0.0501493
 312.891  297.265   15.625  171.975 -7.65295 0.390625    0.655   1.6768 0.049286
   312.5  297.265   15.235   171.31 -7.85145 0.390625    0.665   1.7024  0.04843
 312.109  297.265    14.84   170.61 -8.05937 0.390625      0.7    1.792 0.0475441
 311.719  297.265    14.45   169.92 -8.25776 0.390625     0.69   1.7664 0.0467044
 311.328  297.265    14.06   169.21 -8.45612 0.390625     0.71   1.8176 0.0458726
 310.938  297.265    13.67  168.485 -8.65446 0.390625    0.725    1.856 0.0450486
 310.547  297.265    13.28   167.73 -8.85938 0.390625    0.755   1.9328 0.0442076
 310.156  297.265    12.89   166.97 -9.05735 0.390625     0.76   1.9456 0.0434013
 309.766  297.265     12.5  166.195 -9.25522 0.390625    0.775    1.984 0.0426036
 309.375  297.265    12.11    165.4 -9.45291 0.390625    0.795   2.0352 0.0418141
 308.984  297.265   11.715   164.56 -9.65936 0.390625     0.84   2.1504 0.0409998
 308.594  297.265   11.325  163.725 -9.85645 0.390625    0.835   2.1376 0.0402279
 308.203  297.265   10.935  162.865 -10.0533 0.390625     0.86   2.2016 0.0394643
 307.812  297.265   10.545  161.985 -10.2498 0.390625     0.88   2.2528 0.0387092
 307.422  297.265   10.155  161.055 -10.4522 0.390625     0.93   2.3808 0.0379415
 307.031  297.265    9.765  160.115 -10.6478 0.390625     0.94   2.4064 0.0372044
 306.641  297.265    9.375   159.14  -10.843 0.390625    0.975    2.496 0.036476
 306.445  297.265     9.18  158.635 -10.9405 0.195312    0.505   2.5856 0.0361151
  306.25  297.265    8.985    158.1 -11.0439 0.195312    0.535   2.7392 0.0357362
 306.055  297.265    8.785   157.56 -11.1435 0.195312     0.54   2.7648 0.035371
 305.859  297.265     8.59   157.02 -11.2405 0.195312     0.54   2.7648 0.0350171
 305.664  297.265    8.395   156.46 -11.3374 0.195312     0.56   2.8672 0.0346654
 305.469  297.265      8.2   155.88 -11.4341 0.195312     0.58   2.9696 0.0343159
 305.273  297.265    8.005  155.275 -11.5307 0.195312    0.605   3.0976 0.0339686
 305.078  297.265     7.81    154.6 -11.6331 0.195312    0.675    3.456 0.0336045
 304.883  297.265    7.615    153.9 -11.7293 0.195312      0.7    3.584 0.0332621
 304.688  297.265     7.42  153.095 -11.8254 0.195312    0.805   4.1216 0.0329219
  304.59  297.265     7.32  152.595 -11.8746 0.0976562      0.5     5.12 0.0327483
 304.492  297.265    7.225  151.925 -11.9213 0.0976562     0.67   6.8608 0.0325839
 304.468  297.265      7.2  151.615 -11.9336 0.0244141     0.31  12.6976 0.0325407
 304.456  297.265     7.19  151.395 -11.9385 0.012207     0.22  18.0224 0.0325234
 304.449  297.265     7.18  149.095 -11.9434     0.01      2.3      230 0.0325062
 304.439  297.265     7.17   149.08 -11.9483     0.01    0.015      1.5 0.0324889
 304.423  297.265    7.155   149.06 -11.9557 0.0161035     0.02  1.24196 0.0324631
 304.395  297.265     7.13  149.025 -11.9679 0.0283105    0.035  1.23629  0.03242
 304.342  297.265    7.075  148.945 -11.9949 0.0527246     0.08  1.51732 0.0323254
 304.241  297.265    6.975    148.8  -12.044 0.101553    0.145  1.42783 0.0321538
 304.139  297.265     6.87  148.645 -12.0954 0.101553    0.155   1.5263 0.0319742
 304.038  297.265     6.77    148.5 -12.1444 0.101553    0.145  1.42783 0.0318038
 303.936  297.265     6.67  148.355 -12.1933 0.101553    0.145  1.42783 0.031634
 303.835  297.265    6.565   148.19 -12.2504 0.101553    0.165  1.62477 0.0314386
 303.733  297.265    6.465  148.045 -12.2991 0.101553    0.145  1.42783 0.0312702
 303.631  297.265    6.365    147.9 -12.3478 0.101553    0.145  1.42783 0.0311024
  303.53  297.265     6.26   147.75 -12.3989 0.101553     0.15  1.47707 0.0309268
 303.428  297.265     6.16    147.6 -12.4475 0.101553     0.15  1.47707 0.0307602
 303.327  297.265     6.06  147.455 -12.4961 0.101553    0.145  1.42783 0.0305942
 303.225  297.265     5.96   147.31 -12.5446 0.101553    0.145  1.42783 0.0304287
 303.124  297.265    5.855  147.155 -12.5955 0.101553    0.155   1.5263 0.0302557
 303.022  297.265    5.755   147.01 -12.6439 0.101553    0.145  1.42783 0.0300914
 302.921  297.265    5.655  146.865 -12.6922 0.101553    0.145  1.42783 0.0299278
 302.819  297.265     5.55  146.715 -12.7429 0.101553     0.15  1.47707 0.0297565
 302.717  297.265     5.45  146.555 -12.7968 0.101553     0.16  1.57554 0.0295774
 302.616  297.265     5.35   146.41 -12.8449 0.101553    0.145  1.42783 0.0294157
 302.514  297.265    5.245   146.26 -12.8954 0.101553     0.15  1.47707 0.0292466
 302.413  297.265    5.145  146.115 -12.9434 0.101553    0.145  1.42783 0.0290862
 302.311  297.265    5.045  145.965 -12.9913 0.101553     0.15  1.47707 0.0289263
  302.21  297.265     4.94  145.815 -13.0416 0.101553     0.15  1.47707 0.0287591
 302.108  297.265     4.84   145.67 -13.0895 0.101553    0.145  1.42783 0.0286004
 302.007  297.265     4.74   145.52 -13.1372 0.101553     0.15  1.47707 0.0284423
 301.905  297.265     4.64  145.375 -13.1849 0.101553    0.145  1.42783 0.0282848
 301.804  297.265    4.535  145.225  -13.235 0.101553     0.15  1.47707  0.02812
 301.702  297.265    4.435  145.075 -13.2825 0.101553     0.15  1.47707 0.0279637
   301.6  297.265    4.335   144.92 -13.3355 0.101553    0.155   1.5263 0.0277924
 301.499  297.265     4.23   144.77 -13.3853 0.101553     0.15  1.47707 0.0276297
 301.397  297.265     4.13  144.625 -13.4326 0.101553    0.145  1.42783 0.0274754
 301.296  297.265     4.03  144.475 -13.4799 0.101553     0.15  1.47707 0.0273216
 301.194  297.265    3.925  144.325 -13.5294 0.101553     0.15  1.47707 0.0271608
 301.093  297.265    3.825   144.18 -13.5766 0.101553    0.145  1.42783 0.0270083
 300.991  297.265    3.725   144.03 -13.6236 0.101553     0.15  1.47707 0.0268563
  300.89  297.265     3.62   143.88 -13.6729 0.101553     0.15  1.47707 0.0266974
 300.788  297.265     3.52  143.735 -13.7199 0.101553    0.145  1.42783 0.0265466
 300.686  297.265     3.42  143.585 -13.7667 0.101553     0.15  1.47707 0.0263964
 300.585  297.265    3.315  143.425 -13.8212 0.101553     0.16  1.57554 0.0262246
 300.483  297.265    3.215   143.28 -13.8678 0.101553    0.145  1.42783 0.0260758
 300.382  297.265    3.115  143.135 -13.9144 0.101553    0.145  1.42783 0.0259276
  300.28  297.265    3.015  142.985 -13.9609 0.101553     0.15  1.47707 0.0257799
 300.179  297.265     2.91  142.835 -14.0096 0.101553     0.15  1.47707 0.0256255
 300.077  297.265     2.81   142.69 -14.0559 0.101553    0.145  1.42783 0.025479
 299.976  297.265     2.71   142.54 -14.1022 0.101553     0.15  1.47707 0.0253332
 299.874  297.265    2.605   142.39 -14.1507 0.101553     0.15  1.47707 0.0251806
 299.772  297.265    2.505  142.245 -14.1968 0.101553    0.145  1.42783 0.0250359
 299.671  297.265    2.405    142.1 -14.2428 0.101553    0.145  1.42783 0.0248918
 299.569  297.265      2.3  141.935 -14.2963 0.101553    0.165  1.62477 0.0247272
 299.468  297.265      2.2   141.79 -14.3421 0.101553    0.145  1.42783 0.0245844
 299.366  297.265      2.1  141.645 -14.3878 0.101553    0.145  1.42783 0.0244422
 299.265  297.265    1.995   141.49 -14.4357 0.101553    0.155   1.5263 0.0242936
 299.163  297.265    1.895  141.345 -14.4813 0.101553    0.145  1.42783 0.0241528
 299.062  297.265    1.795    141.2 -14.5267 0.101553    0.145  1.42783 0.0240125
  298.96  297.265    1.695  141.055 -14.5721 0.101553    0.145  1.42783 0.0238728
 298.858  297.265     1.59    140.9 -14.6197 0.101553    0.155   1.5263 0.0237267
 298.757  297.265     1.49  140.755 -14.6649 0.101553    0.145  1.42783 0.0235882
 298.655  297.265     1.39   140.61   -14.71 0.101553    0.145  1.42783 0.0234502
 298.554  297.265    1.285   140.45 -14.7623 0.101553     0.16  1.57554 0.0232929
 298.452  297.265    1.185  140.305 -14.8072 0.101553    0.145  1.42783 0.0231563
 298.351  297.265    1.085   140.16  -14.852 0.101553    0.145  1.42783 0.0230202
 298.249  297.265     0.98  140.005  -14.899 0.101553    0.155   1.5263 0.022878
 298.148  297.265     0.88   139.86 -14.9436 0.101553    0.145  1.42783 0.0227431
 298.046  297.265     0.78  139.715 -14.9881 0.101553    0.145  1.42783 0.0226088
 297.945  297.265    0.675  139.565 -15.0347 0.101553     0.15  1.47707 0.0224683
 297.843  297.265    0.575   139.42  -15.079 0.101553    0.145  1.42783 0.0223351
 297.741  297.265    0.475  139.275 -15.1233 0.101553    0.145  1.42783 0.0222025
  297.64  297.265     0.37  139.115 -15.1745 0.101553     0.16  1.57554 0.0220515
 297.538  297.265     0.27   138.97 -15.2185 0.101553    0.145  1.42783 0.0219202
 297.437  297.265     0.17  138.825 -15.2624 0.101553    0.145  1.42783 0.0217895
 297.335  297.265     0.07   138.68 -15.3062 0.101553    0.145  1.42783 0.0216593
 297.234   297.23        0  138.525  -15.352 0.101553    0.155   1.5263 0.0215232
