345.000000 80.589592 188.214951
345.000000 233.842911 188.500748
347.500000 67.902702 189.366821
347.500000 277.282104 189.660446
350.000000 63.369518 190.566803
350.000000 317.781250 191.636536
352.500000 61.428185 191.683578
355.000000 60.493641 193.402588
357.500000 61.158405 196.210388
360.000000 63.857265 199.055679
362.500000 66.938560 200.952133
365.000000 70.001114 202.186020
367.500000 73.069878 202.989502
370.000000 76.129295 203.437927
372.500000 79.233253 203.671875
375.000000 82.378273 203.766006
377.500000 85.623825 203.787125
380.000000 88.993454 203.751892
382.500000 92.352180 203.741745
385.000000 95.896263 203.716187
387.500000 99.514755 203.714233
390.000000 103.271538 203.705490
392.500000 107.119057 203.697342
395.000000 111.051674 203.697845
397.500000 115.065727 203.697388
400.000000 119.151024 203.698868
402.500000 123.293869 203.695770
405.000000 127.495605 203.678970
407.500000 131.757797 203.651489
410.000000 136.072952 203.610001
412.500000 140.409714 203.561981
415.000000 144.804001 203.498749
417.500000 149.242126 203.419052
420.000000 153.705978 203.326614
422.500000 158.232559 203.212006
425.000000 162.756317 203.174057
427.500000 167.291962 202.869873
430.000000 171.841614 202.807434
432.500000 176.391647 202.657623
435.000000 180.999664 202.463638
437.500000 185.626999 202.248886
440.000000 190.269318 201.836685
442.500000 194.841888 201.757721
445.000000 199.443909 201.483704
447.500000 204.147476 201.151688
450.000000 208.712296 200.802048
452.500000 213.286438 200.432495
455.000000 217.994553 199.958374
457.500000 222.433929 199.556931
460.000000 227.108734 198.837555
462.500000 231.517670 198.494843
465.000000 236.082382 197.860336
467.500000 240.535126 197.216339
470.000000 244.925949 196.535660
472.500000 249.332764 195.765564
475.000000 253.705078 194.841263
477.500000 258.047333 193.923737
480.000000 262.259979 193.001984
482.500000 266.388672 191.865265
485.000000 270.396759 190.812759
487.500000 274.339172 189.684296
490.000000 278.247498 188.404922
492.500000 282.100555 186.908737
495.000000 285.767334 185.446259
497.500000 289.440552 183.722504
500.000000 292.946442 182.115845
502.500000 296.056152 180.462219
505.000000 298.841827 178.340912
507.500000 301.211029 176.768402
510.000000 303.035919 174.048065
512.500000 304.216583 171.783401
515.000000 304.711334 169.295578
517.500000 304.509125 166.276535
520.000000 303.650848 164.347641
522.500000 302.141205 162.746765
525.000000 300.095978 161.275894
527.500000 297.822266 160.369186
530.000000 295.213898 160.188812
532.500000 292.539581 160.582382
535.000000 289.733154 161.576172
537.500000 286.906555 163.071335
540.000000 284.231567 164.661865
542.500000 281.469696 166.405212
545.000000 278.489227 168.277252
547.500000 275.332153 169.758469
550.000000 272.035095 171.658600
552.500000 268.596741 173.402206
555.000000 264.933563 175.251846
557.500000 261.165955 177.209717
560.000000 257.322662 179.157578
562.500000 253.463333 181.023026
565.000000 249.641846 182.986298
567.500000 245.814423 185.122467
570.000000 241.962173 187.116013
572.500000 238.165527 189.285065
575.000000 234.476746 191.397781
577.500000 230.878998 193.554001
580.000000 227.360977 196.094711
582.500000 224.169250 198.430893
585.000000 220.833755 201.075226
587.500000 217.778976 203.419296
590.000000 214.629257 206.370743
592.500000 211.463959 209.294388
595.000000 208.307587 212.158096
597.500000 205.142746 215.099060
600.000000 201.928741 218.071259
602.500000 198.600937 221.354858
605.000000 195.240479 224.378677
607.500000 192.060730 227.351074
610.000000 189.156357 230.522156
612.500000 186.560349 233.444489
615.000000 184.346512 236.674759
617.500000 182.510742 239.744110
620.000000 181.015091 242.991943
622.500000 179.861115 246.078369
625.000000 179.052872 249.605667
627.500000 178.541931 252.128601
630.000000 178.370529 255.056595
632.500000 178.506332 257.828918
635.000000 178.974686 260.099884
637.500000 179.783401 263.024048
640.000000 180.874115 265.162933
642.500000 182.252197 267.594727
645.000000 184.097733 269.407806
647.500000 186.084244 270.348877
650.000000 188.359650 271.001129
652.500000 190.844864 271.236877
655.000000 193.169586 270.455750
657.500000 195.183411 269.283997
660.000000 196.765717 267.537720
662.500000 198.013351 265.560944
665.000000 199.081985 262.588593
667.500000 199.798187 258.557678
670.000000 200.290390 254.884048
672.500000 200.925705 251.206024
675.000000 201.893127 247.544312
677.500000 203.251907 244.335815
680.000000 204.977859 240.430130
682.500000 207.035965 236.702530
685.000000 209.356247 232.643753
687.500000 211.753296 228.655533
690.000000 214.219070 224.823593
692.500000 216.637573 220.821976
695.000000 219.170349 216.829651
697.500000 221.769821 212.588562
700.000000 224.460358 208.535187
702.500000 226.953598 204.567917
705.000000 229.434387 200.498306
707.500000 231.719742 196.399445
710.000000 233.888367 192.351196
712.500000 236.027863 188.329620
715.000000 238.221054 183.938461
717.500000 240.250717 179.764389
720.000000 242.081894 175.812637
722.500000 243.799820 171.345230
725.000000 245.288483 167.344620
727.500000 246.527023 163.172928
730.000000 247.504349 159.142471
732.500000 248.255875 155.171631
735.000000 248.835770 151.082932
737.500000 249.316025 147.045715
740.000000 249.764664 142.860565
742.500000 250.242432 138.676254
745.000000 250.816406 134.351151
747.500000 251.543045 129.950546
750.000000 252.460342 125.427727
752.500000 253.591293 120.804718
755.000000 254.948273 116.101822
757.500000 256.560913 111.481773
760.000000 258.377899 106.821266
762.500000 260.367981 102.367447
765.000000 262.544067 97.636696
767.500000 264.825684 93.210854
770.000000 267.179596 88.907944
772.500000 269.514374 84.676369
775.000000 271.789612 80.458633
777.500000 273.928467 76.653442
780.000000 275.860840 73.147850
782.500000 277.492401 69.610329
785.000000 278.735931 66.316757
787.500000 279.474670 63.418831
790.000000 279.700439 60.378239
792.500000 279.288635 57.711555
795.000000 278.406464 55.582668
797.500000 276.978912 53.479694
800.000000 275.046661 51.752071
802.500000 272.835876 50.216702
805.000000 270.265594 49.146511
807.500000 267.695801 48.341373
810.000000 264.841461 48.142479
812.500000 262.106171 48.451488
815.000000 259.804535 49.344891
817.500000 257.867432 50.695004
820.000000 256.410095 52.458755
822.500000 255.099976 54.810040
825.000000 254.002243 58.313148
827.500000 253.319534 62.071335
830.000000 252.795181 65.407967
832.500000 252.232895 68.943642
835.000000 251.595734 72.464569
837.500000 250.893616 76.189331
840.000000 250.141907 80.359039
842.500000 249.367905 84.195488
845.000000 248.613556 88.337021
847.500000 247.920563 92.322006
850.000000 247.287735 96.968094
852.500000 246.766693 101.381950
855.000000 246.367523 105.772346
857.500000 246.131119 110.318840
860.000000 246.056931 114.447075
862.500000 246.127930 119.068993
865.000000 246.326370 123.382454
867.500000 246.666687 127.929039
870.000000 247.072845 132.531174
872.500000 247.420563 137.358978
875.000000 247.725418 142.478577
877.500000 247.860291 147.880325
880.000000 247.725372 153.457031
882.500000 247.322067 159.246414
885.000000 246.677078 165.213898
887.500000 245.770782 171.378952
890.000000 244.596481 177.559769
892.500000 243.219513 183.863373
895.000000 241.697983 190.153976
897.500000 240.180847 196.350449
900.000000 238.793259 202.203873
902.500000 237.661301 207.751480
905.000000 236.840393 213.139374
907.500000 236.363007 218.082138
910.000000 236.179184 223.063934
912.500000 236.192413 227.834686
915.000000 236.364655 232.464279
917.500000 236.720627 237.130249
920.000000 237.190475 241.629318
922.500000 237.801636 246.158218
925.000000 238.448212 250.637421
927.500000 239.184174 255.329132
930.000000 239.920181 260.147308
932.500000 240.411484 265.430969
935.000000 240.489502 271.458862
937.500000 239.698257 278.310211
940.000000 238.017715 285.624329
942.500000 235.760300 292.552002
945.000000 233.170471 299.644196
947.500000 230.505112 306.016724
950.000000 227.803314 312.172821
952.500000 225.198395 317.830353
955.000000 222.733597 323.116974
957.500000 220.488144 327.991089
960.000000 218.501373 332.586670
962.500000 216.890656 336.492188
965.000000 215.667328 340.630890
967.500000 214.913834 344.163025
970.000000 214.604553 347.561646
972.500000 214.777573 350.561951
975.000000 215.361679 353.281738
977.500000 216.336197 355.549500
980.000000 217.694595 358.004944
982.500000 219.223038 359.933075
985.000000 221.015182 361.353760
987.500000 222.575012 361.611267
990.000000 225.103745 361.950195
992.500000 228.006760 361.826080
995.000000 230.423767 361.255554
997.500000 232.571472 359.896912
1000.000000 234.145935 358.398834
1002.500000 235.180313 356.282776
1005.000000 235.745239 353.690063
1007.500000 235.917786 350.531311
1010.000000 235.842560 347.059326
1012.500000 235.841507 343.631866
1015.000000 236.021988 340.266846
1017.500000 236.447983 336.743713
1020.000000 237.073547 332.917908
1022.500000 237.877075 328.987061
1025.000000 238.792923 324.917236
1027.500000 239.752029 320.755951
1030.000000 240.713486 316.612335
1032.500000 241.632843 312.315491
1035.000000 242.477753 307.917603
1037.500000 243.213989 303.484772
1040.000000 243.827545 298.882050
1042.500000 244.300644 294.432159
1045.000000 244.612823 289.879242
1047.500000 244.751587 285.297211
1050.000000 244.727585 280.672791
1052.500000 244.565781 275.946045
1055.000000 244.289841 271.020477
1057.500000 243.928864 265.980896
1060.000000 243.536819 261.091614
1062.500000 242.987869 255.358002
1065.000000 242.480789 250.667892
1067.500000 241.888428 245.065628
1070.000000 241.393356 239.594177
1072.500000 240.914825 233.735580
1075.000000 240.591492 228.038879
1077.500000 240.320923 222.149490
1080.000000 240.079376 216.322388
1082.500000 239.815582 210.861725
1085.000000 239.415100 205.607605
1087.500000 238.802780 200.456131
1090.000000 237.953278 195.089615
1092.500000 236.979797 189.814209
1095.000000 235.944321 184.678543
1097.500000 234.775757 179.804321
1100.000000 233.381760 174.827728
1102.500000 231.832886 169.939926
1105.000000 230.165604 165.210358
1107.500000 228.473267 160.823059
1110.000000 226.612015 156.562088
1112.500000 224.597672 152.449036
1115.000000 222.456848 148.552292
1117.500000 220.079361 144.805252
1120.000000 217.793640 141.273605
1122.500000 215.302032 138.205124
1125.000000 212.743835 135.188019
1127.500000 209.953430 132.513885
1130.000000 207.273376 130.496124
1132.500000 204.551956 128.308960
1135.000000 201.696609 126.461273
1137.500000 198.866333 125.162346
1140.000000 196.015701 124.327919
1142.500000 193.381683 123.841118
1145.000000 190.754456 123.850250
1147.500000 188.387070 124.375191
1150.000000 186.192627 125.416908
1152.500000 184.383743 126.616249
1155.000000 182.906845 128.359238
1157.500000 181.924240 130.421783
1160.000000 181.491348 132.980225
1162.500000 181.633850 135.176514
1165.000000 182.338455 137.414749
1167.500000 183.622009 139.577011
1170.000000 185.690750 141.836945
1172.500000 188.297699 143.870239
1175.000000 191.106964 145.727203
1177.500000 193.946487 147.122986
1180.000000 196.587357 149.462662
1182.500000 199.349503 151.972168
1185.000000 202.106995 154.878632
1187.500000 204.704498 158.008881
1190.000000 207.171677 161.653839
1192.500000 209.420639 165.400604
1195.000000 211.467453 170.185181
1197.500000 213.256287 174.485764
1200.000000 214.728912 179.881195
1202.500000 215.919312 184.962555
1205.000000 216.790833 189.841202
1207.500000 217.548553 194.438110
1210.000000 218.397827 198.753738
1212.500000 219.387756 202.772919
1215.000000 220.559616 206.532272
1217.500000 222.010941 210.338013
1220.000000 223.452179 213.388870
1222.500000 225.221115 216.586060
1225.000000 227.201340 219.935760
1227.500000 229.291763 223.259186
1230.000000 231.467178 226.355133
1232.500000 233.683304 230.925583
1235.000000 235.955597 235.129532
1237.500000 238.094666 239.726761
1240.000000 240.266769 243.489090
1242.500000 242.533569 248.118240
1245.000000 245.011581 253.017334
1247.500000 247.260605 257.475555
1250.000000 249.687912 262.761536
1252.500000 252.081863 267.929138
1255.000000 254.306808 272.492554
1257.500000 256.745026 277.049164
1260.000000 259.188293 281.105896
1262.500000 261.785431 284.675507
1265.000000 264.382355 287.841919
1267.500000 267.214050 290.456940
1270.000000 270.125671 292.557281
1272.500000 273.135468 294.181641
1275.000000 276.175873 295.462158
1277.500000 279.306763 296.412201
1280.000000 282.456818 297.086578
1282.500000 285.772034 297.582275
1285.000000 289.142944 297.888977
1287.500000 292.587311 298.245483
1290.000000 296.190460 298.532013
1292.500000 299.949188 298.896698
1295.000000 303.790161 299.458191
1297.500000 307.859711 300.279968
1300.000000 312.094727 301.357819
1302.500000 316.389282 302.868164
1305.000000 320.836243 304.699951
1307.500000 325.134613 306.926117
1310.000000 329.526459 309.460297
1312.500000 333.652893 312.280182
1315.000000 337.591980 315.312744
1317.500000 341.156738 317.997711
1320.000000 344.296265 319.943085
1322.500000 347.082703 320.664581
1325.000000 349.392487 320.506073
1327.500000 351.351105 319.475861
1330.000000 353.076050 317.265961
1332.500000 354.411774 314.767914
1335.000000 355.465790 312.243286
1337.500000 356.115845 309.663055
1340.000000 356.310699 306.891083
1342.500000 356.013153 304.513062
1345.000000 355.207397 302.002075
1347.500000 353.947357 299.809906
1350.000000 351.989624 297.630280
1352.500000 349.683655 295.856628
1355.000000 346.875305 294.118408
1357.500000 343.981415 292.506897
1360.000000 341.073212 291.637421
1362.500000 338.004242 290.548340
1365.000000 334.897217 289.440399
1367.500000 331.616913 288.636627
1370.000000 328.140533 287.807678
1372.500000 324.604919 287.069092
1375.000000 320.808197 286.405151
1377.500000 316.864075 285.859985
1380.000000 312.848877 285.381531
1382.500000 308.632355 284.967194
1385.000000 304.215790 284.571198
1387.500000 299.553070 284.113983
1390.000000 294.661469 283.460815
1392.500000 289.425751 282.441101
1395.000000 283.780701 280.770691
1397.500000 277.939758 278.132629
1400.000000 272.001404 274.379456
1402.500000 266.524994 269.879852
1405.000000 261.511627 265.009888
1407.500000 256.868866 260.317810
1410.000000 252.698578 256.287842
1412.500000 248.677216 252.914291
1415.000000 244.440063 249.518982
1417.500000 240.188141 246.255646
1420.000000 235.917389 243.100632
1422.500000 231.650009 240.131256
1425.000000 227.420792 237.606964
1427.500000 223.326477 235.540344
1430.000000 219.344162 233.988647
1432.500000 215.468475 232.927887
1435.000000 211.721634 232.298248
1437.500000 208.013046 232.148468
1440.000000 204.589493 232.358490
1442.500000 200.966232 232.980133
1445.000000 197.704239 233.747025
1447.500000 194.422760 234.786423
1450.000000 191.153900 236.109711
1452.500000 188.095795 237.312042
1455.000000 184.978699 238.678284
1457.500000 181.937393 240.142212
1460.000000 178.973785 241.612289
1462.500000 176.007736 243.186996
1465.000000 173.060364 244.787857
1467.500000 170.152618 246.389526
1470.000000 167.113708 247.886292
1472.500000 164.159943 249.474411
1475.000000 160.898666 250.858368
1477.500000 157.549850 252.280884
1480.000000 153.718262 253.169479
1482.500000 123.265404 199.902328
1482.500000 131.389069 228.597015
1482.500000 149.050858 253.388733
1485.000000 119.212967 193.999542
1485.000000 134.675827 241.596970
1485.000000 140.873840 250.028000
1487.500000 115.747238 190.465256
1490.000000 112.645958 188.641403
1492.500000 109.899765 187.909531
1495.000000 107.625336 188.374664
1497.500000 105.818436 190.181564
1500.000000 104.673782 193.297089
1502.500000 104.290443 197.990860
1505.000000 104.835861 203.923309
1507.500000 106.359856 211.813751
1510.000000 115.399689 250.569260
1512.500000 115.480675 254.696381
1515.000000 115.646263 258.000275
1517.500000 116.117203 260.563477
1520.000000 117.068993 263.043640
1522.500000 118.408569 265.057800
1525.000000 120.327667 266.977509
1527.500000 122.659081 268.497162
1530.000000 125.347321 269.739441
1532.500000 128.239227 270.627350
1535.000000 131.224350 271.267029
1537.500000 134.244675 271.687836
1540.000000 137.337082 271.876251
1542.500000 140.521912 271.877808
1545.000000 143.728439 271.627258
1547.500000 147.097092 271.085388
1550.000000 150.338394 270.295044
1552.500000 153.695419 269.186859
1555.000000 157.042221 267.810974
1557.500000 160.423386 266.194946
1560.000000 163.730133 264.220062
1562.500000 167.191483 261.943298
1565.000000 170.506805 259.656403
1567.500000 174.204376 257.195068
1570.000000 177.965881 254.597366
1572.500000 182.289719 251.819031
1575.000000 187.129517 249.391190
1577.500000 193.070587 247.075623
1580.000000 199.764725 245.671097
1582.500000 207.782852 245.451813
1585.000000 215.936996 246.588623
1587.500000 223.394012 248.406448
1590.000000 229.688019 250.048523
1592.500000 235.107864 251.269318
1595.000000 240.362274 252.110367
1597.500000 245.878967 252.902496
1600.000000 251.485977 253.852951
1602.500000 257.217773 254.863159
1605.000000 263.035950 255.897736
1607.500000 268.359955 256.737610
1610.000000 273.430878 257.256012
1612.500000 278.139313 257.407196
1615.000000 282.631805 257.171478
1617.500000 286.742676 256.634430
1620.000000 290.728271 255.736115
1622.500000 294.377319 254.599365
1625.000000 297.944397 253.057938
1627.500000 300.953522 251.452240
1630.000000 303.706757 249.495316
1632.500000 306.143402 247.597626
1635.000000 308.231171 245.210815
1637.500000 309.799835 242.561447
1640.000000 310.958588 240.167023
1642.500000 311.677155 237.681183
1645.000000 311.927460 235.185272
1647.500000 311.753937 232.806595
1650.000000 311.158875 230.613800
1652.500000 310.136200 228.765549
1655.000000 308.797119 226.175812
1657.500000 307.011383 224.492722
1660.000000 304.976379 223.025146
1662.500000 302.827362 221.812286
1665.000000 300.481964 221.286682
1667.500000 297.882446 221.066772
1670.000000 295.393738 221.244781
1672.500000 292.824982 221.881027
1675.000000 290.396454 223.280396
1677.500000 287.952148 224.671799
1680.000000 285.678711 226.321289
1682.500000 283.156067 228.014236
1685.000000 280.517029 229.377686
1687.500000 277.460052 230.364304
1690.000000 273.982727 231.152374
1692.500000 270.340332 231.030060
1695.000000 266.530396 230.707397
1697.500000 262.778107 230.079208
1700.000000 259.037201 229.253998
1702.500000 255.492828 228.342636
1705.000000 252.090347 227.489136
1707.500000 248.850830 226.880386
1710.000000 245.893616 226.485794
1712.500000 243.199234 226.346252
1715.000000 240.803635 226.804871
1717.500000 238.700775 227.717743
1720.000000 236.832428 229.191422
1722.500000 235.012146 231.016373
1725.000000 233.276215 233.020309
1727.500000 231.224335 235.350037
1730.000000 228.503235 237.486786
1732.500000 225.179657 239.593735
1735.000000 221.545212 241.527649
1737.500000 217.678345 243.467529
1740.000000 213.595169 245.491226
1742.500000 209.283249 247.663361
1745.000000 204.716782 250.069672
1747.500000 200.459412 252.316132
1750.000000 196.004837 254.903336
1752.500000 192.026947 257.449158
1755.000000 188.006989 260.293335
1757.500000 184.093872 263.334595
1760.000000 180.242752 266.522766
1762.500000 176.371536 269.703369
1765.000000 172.607635 273.187103
1767.500000 169.005585 276.311066
1770.000000 165.273819 279.726166
1772.500000 161.696182 283.170044
1775.000000 158.386108 286.390991
1777.500000 155.241653 289.549286
1780.000000 152.334045 292.665955
1782.500000 149.765350 295.586090
1785.000000 147.460037 298.792206
1787.500000 145.305878 302.113708
1790.000000 142.972687 305.149261
1792.500000 139.978409 308.318878
1795.000000 135.535126 311.384552
1797.500000 127.041367 313.662720
1800.000000 107.334740 310.272766
1802.500000 93.453384 305.193024
1805.000000 83.575150 300.996490
1807.500000 71.445518 293.012695
1810.000000 57.618019 277.005371
1812.500000 50.713463 269.409546
1815.000000 45.658916 265.316437
1817.500000 41.574127 262.796448
1820.000000 38.248653 261.619476
1822.500000 35.617653 261.629028
1825.000000 33.620556 262.491943
1827.500000 32.175411 265.085266
1830.000000 31.300714 267.696014
1832.500000 30.854614 271.008698
1835.000000 30.784548 274.353790
1837.500000 31.065228 277.591980
1840.000000 31.670078 280.983643
1842.500000 32.573051 283.625214
1845.000000 33.908978 286.067322
1847.500000 35.656178 288.284424
1850.000000 38.050571 290.665131
1852.500000 40.542095 292.722412
1855.000000 43.251709 294.791473
1857.500000 46.069489 296.814178
1860.000000 48.950386 298.387024
1862.500000 51.874046 300.975739
1865.000000 55.011627 303.101776
1867.500000 58.181816 305.440796
1870.000000 61.558529 307.071777
1872.500000 65.225891 309.024261
1875.000000 69.110596 310.963470
1877.500000 73.108116 312.740204
1880.000000 77.261757 314.343964
1882.500000 81.458382 315.843140
1885.000000 85.842316 317.068512
1887.500000 90.265892 318.323151
1890.000000 94.707970 319.265350
1892.500000 99.209129 320.082520
1895.000000 103.477112 320.553864
1897.500000 107.707298 320.732056
1900.000000 111.697052 320.575775
1902.500000 115.704865 319.963715
1905.000000 119.401665 319.142029
1907.500000 122.959541 317.826111
1910.000000 126.526985 316.214600
1912.500000 130.045532 314.153656
1915.000000 133.433411 311.784180
1917.500000 136.906601 309.241028
1920.000000 140.415009 306.464661
1922.500000 144.194931 303.182709
1925.000000 147.954773 299.835052
1927.500000 151.783432 296.293854
1930.000000 155.646606 292.555420
1932.500000 159.589447 288.682434
1935.000000 163.546646 284.713745
1937.500000 167.489487 280.693146
1940.000000 171.407654 276.624573
1942.500000 175.222961 272.777039
1945.000000 178.926010 268.692932
1947.500000 182.524170 264.519135
1950.000000 185.856125 260.602539
1952.500000 189.001328 256.631073
1955.000000 192.053070 252.436295
1957.500000 195.080292 247.969315
1960.000000 197.683197 243.813263
1962.500000 199.909515 239.765900
1965.000000 201.624481 235.829514
1967.500000 202.745209 232.066910
1970.000000 203.265686 228.515305
1972.500000 203.224960 225.027679
1975.000000 202.680267 221.746933
1977.500000 201.652939 218.369278
1980.000000 200.180389 214.955887
1982.500000 198.563339 211.679886
1985.000000 196.647217 208.263290
1987.500000 194.532654 204.367371
1990.000000 192.200989 201.675446
1992.500000 189.840881 197.836060
1995.000000 187.374084 194.101791
1997.500000 184.793884 190.108124
2000.000000 182.110245 186.056198
2002.500000 179.591843 181.261627
2005.000000 176.892670 177.173141
2007.500000 174.400711 172.415894
2010.000000 171.881912 167.425247
2012.500000 169.631073 162.346054
2015.000000 167.531204 156.732712
2017.500000 165.696274 150.809158
2020.000000 164.133972 144.597610
2022.500000 162.989120 137.622147
2025.000000 162.303268 131.379272
2027.500000 161.884918 124.601501
2030.000000 161.772583 117.972900
2032.500000 161.875946 111.301392
2035.000000 162.237198 104.821404
2037.500000 162.839569 98.517540
2040.000000 163.630768 92.456917
2042.500000 164.531921 86.597191
2045.000000 165.463043 81.021469
2047.500000 166.330978 75.699654
2050.000000 167.038864 70.243843
2052.500000 167.551010 66.178314
2055.000000 167.758316 61.898708
2057.500000 167.654205 58.039913
2060.000000 167.197174 54.568161
2062.500000 166.435135 51.382351
2065.000000 165.298813 48.588428
2067.500000 163.844193 46.057148
2070.000000 162.035278 44.163864
2072.500000 160.055603 42.568481
2075.000000 157.902023 41.292160
2077.500000 155.652267 40.589096
2080.000000 153.027237 40.301685
2082.500000 150.685547 40.477741
2085.000000 148.320221 41.308842
2087.500000 146.213089 42.604084
2090.000000 144.574371 44.366898
2092.500000 143.384842 46.422890
2095.000000 142.749283 48.832077
2097.500000 142.637970 51.530346
2100.000000 143.133896 54.963421
2102.500000 144.011490 58.436386
2105.000000 144.934830 61.441166
2107.500000 145.758453 64.980652
2110.000000 146.390991 68.427277
2112.500000 146.948029 72.076630
2115.000000 147.325714 76.135895
2117.500000 147.635880 80.241470
2120.000000 147.922791 84.333710
2122.500000 148.182053 88.820427
2125.000000 148.469284 93.174362
2127.500000 148.862396 97.674774
2130.000000 149.303772 102.088310
2132.500000 149.914337 106.591553
2135.000000 150.606476 111.026192
2137.500000 151.455795 115.392380
2140.000000 152.491287 119.786209
2142.500000 153.719055 124.127022
2145.000000 155.107910 128.661942
2147.500000 156.638275 132.516113
2150.000000 158.357162 136.578445
2152.500000 160.298874 140.452362
2155.000000 162.400421 144.364594
2157.500000 164.732590 148.857880
2160.000000 167.170349 152.964600
2162.500000 169.769135 157.024719
2165.000000 172.432449 161.071747
2167.500000 175.303055 165.283829
2170.000000 178.304764 169.548798
2172.500000 181.371933 173.956512
2175.000000 184.571716 178.442123
2177.500000 187.906235 183.277695
2180.000000 191.093567 188.758423
2182.500000 194.184219 193.587418
2185.000000 197.134827 199.797318
2187.500000 199.646622 206.339447
2190.000000 201.523453 213.803680
2192.500000 202.594788 221.967407
2195.000000 202.956009 230.310959
2197.500000 202.812637 238.204865
2200.000000 202.365463 245.969254
2202.500000 201.847610 253.424850
2205.000000 201.412949 260.039429
2207.500000 201.089951 266.420197
2210.000000 200.871597 272.236908
2212.500000 200.765396 277.646057
2215.000000 200.792740 282.832336
2217.500000 200.946274 287.576996
2220.000000 201.157181 292.418610
2222.500000 201.461426 296.874573
2225.000000 201.913574 301.137238
2227.500000 202.364868 305.260712
2230.000000 203.046158 309.646942
2232.500000 203.827850 312.556030
2235.000000 204.903656 315.489990
2237.500000 206.279785 318.015991
2240.000000 208.105026 319.905762
2242.500000 210.228256 320.798767
2245.000000 212.642532 321.114624
2247.500000 215.163376 320.709564
2250.000000 217.473434 319.698547
2252.500000 219.527145 318.327515
2255.000000 221.097839 316.518890
2257.500000 222.225479 314.497070
2260.000000 223.011917 311.951019
2262.500000 223.316162 308.540222
2265.000000 223.010269 304.848938
2267.500000 222.456802 301.573700
2270.000000 221.770081 298.190918
2272.500000 221.061523 294.705353
2275.000000 220.428192 291.271942
2277.500000 219.807327 287.507385
2280.000000 219.277176 283.546692
2282.500000 218.846497 279.359985
2285.000000 218.556717 275.046570
2287.500000 218.401001 270.567566
2290.000000 218.366821 265.941315
2292.500000 218.463120 261.321320
2295.000000 218.620895 256.708588
2297.500000 218.732773 252.256622
2300.000000 218.690262 247.958633
2302.500000 218.439362 243.847519
2305.000000 217.915207 239.801010
2307.500000 217.167435 235.525421
2310.000000 216.193726 231.541443
2312.500000 215.009064 227.939301
2315.000000 213.788116 224.060028
2317.500000 212.371033 220.113388
2320.000000 210.816956 216.064804
2322.500000 209.047714 212.075775
2325.000000 207.306595 208.364777
2327.500000 205.320114 204.493668
2330.000000 203.080215 200.835266
2332.500000 200.832092 197.195572
2335.000000 198.367844 193.875198
2337.500000 195.721268 190.291840
2340.000000 192.861603 187.024933
2342.500000 189.867523 183.216064
2345.000000 186.765808 180.310944
2347.500000 183.485504 177.517822
2350.000000 179.951538 174.300842
2352.500000 176.422302 171.159286
2355.000000 172.715698 168.006653
2357.500000 168.716568 164.336288
2360.000000 164.769012 161.055939
2362.500000 160.681320 157.339584
2365.000000 156.626038 153.449875
2367.500000 152.647369 150.035263
2370.000000 148.609253 146.241058
2372.500000 144.652832 142.443420
2375.000000 140.795822 139.179230
2377.500000 136.913025 135.364090
2380.000000 133.184402 132.883911
2382.500000 129.579575 130.016800
2385.000000 125.848267 127.282448
2387.500000 122.241753 125.013245
2390.000000 118.741966 122.993919
2392.500000 115.102928 121.156219
2395.000000 111.615913 119.605232
2397.500000 108.166229 118.309052
2400.000000 104.765800 117.197372
2402.500000 101.323647 116.310913
2405.000000 97.924667 115.631966
2407.500000 94.640778 115.010040
2410.000000 91.306221 114.606125
2412.500000 88.028740 114.349670
2415.000000 84.840027 114.392296
2417.500000 81.705833 114.409103
2420.000000 78.691063 114.461632
2422.500000 75.750557 114.781975
2425.000000 73.021614 115.502579
2427.500000 70.481148 116.467896
2430.000000 68.172379 117.678543
2432.500000 66.164360 119.407967
2435.000000 64.593727 120.565155
2437.500000 63.508728 123.472595
2440.000000 63.040146 125.599968
2442.500000 63.209957 128.446716
2445.000000 64.212578 131.100830
2447.500000 65.697960 133.144043
2450.000000 67.399467 134.729568
2452.500000 69.086998 135.619217
2455.000000 71.177193 136.288269
2457.500000 75.079514 136.686661
2460.000000 80.183479 136.279755
2462.500000 84.048981 135.817398
2465.000000 87.728157 135.536530
2467.500000 91.688339 135.434738
2470.000000 95.943268 135.595551
2472.500000 100.433182 136.104477
2475.000000 105.208488 137.107254
2477.500000 110.192123 138.459641
2480.000000 115.282738 140.386215
2482.500000 120.321251 142.838303
2485.000000 125.445923 145.611816
2487.500000 130.354538 148.730911
2490.000000 135.181213 151.945160
2492.500000 139.990112 155.310410
2495.000000 144.531357 158.685089
2497.500000 149.059692 161.968948
2500.000000 153.359222 165.048767
2502.500000 157.732071 168.105957
2505.000000 162.076492 171.015854
2507.500000 166.216797 173.733368
2510.000000 170.339249 176.055603
2512.500000 174.493561 178.345657
2515.000000 178.588684 180.287064
2517.500000 182.807861 182.220367
2520.000000 187.205826 184.195251
2522.500000 191.589706 186.118347
2525.000000 196.336594 188.350769
2527.500000 201.067978 190.668777
2530.000000 206.066193 193.177109
2532.500000 210.789322 195.630035
2535.000000 215.253342 197.847137
2537.500000 219.570389 199.577423
2540.000000 223.640137 200.856308
2542.500000 227.438385 201.642868
2545.000000 231.140869 201.918182
2547.500000 234.587997 201.865021
2550.000000 237.890732 201.393173
2552.500000 241.049316 200.580246
2555.000000 244.063629 199.492554
2557.500000 247.087509 198.124649
2560.000000 249.799774 196.580353
2562.500000 252.636276 194.759033
2565.000000 255.398026 193.282242
2567.500000 258.120514 191.394089
2570.000000 260.927765 189.381088
2572.500000 263.830170 187.440887
2575.000000 266.906342 185.563034
2577.500000 270.218933 183.763123
2580.000000 273.898041 181.883270
2582.500000 277.758606 180.459732
2585.000000 282.223724 179.139816
2587.500000 287.039185 177.802383
2590.000000 292.055756 177.369614
2592.500000 297.500854 176.899414
2595.000000 302.849060 176.806320
2597.500000 308.210297 176.808746
2600.000000 313.418549 176.866898
2602.500000 318.175079 176.833115
2605.000000 322.453552 176.614807
2607.500000 326.346222 176.034698
2610.000000 329.600830 175.299820
2612.500000 332.396027 173.690628
2615.000000 334.681854 172.318161
2617.500000 336.559967 170.440033
2620.000000 338.036682 168.732895
2622.500000 339.069183 166.419907
2625.000000 339.723175 163.395569
2627.500000 339.906494 160.624084
2630.000000 339.753204 158.477936
2632.500000 339.064789 155.772049
2635.000000 337.945770 153.254868
2637.500000 336.322235 151.612625
2640.000000 334.240143 149.903931
2642.500000 331.970154 148.901474
2645.000000 329.822357 148.529999
2647.500000 327.159607 148.605591
2650.000000 323.675934 149.367722
2652.500000 319.958832 150.675125
2655.000000 316.716064 151.842056
2657.500000 313.422638 153.187607
2660.000000 309.945465 154.291412
2662.500000 306.373749 155.427765
2665.000000 302.586639 156.635635
2667.500000 298.588318 157.937927
2670.000000 294.770599 159.301483
2672.500000 290.669647 160.833832
2675.000000 286.817139 162.534409
2677.500000 282.896820 164.425659
2680.000000 279.034912 166.525055
2682.500000 275.198181 168.844849
2685.000000 271.632507 171.283463
2687.500000 267.829315 174.022751
2690.000000 264.218964 176.719620
2692.500000 260.315399 179.670792
2695.000000 256.008453 182.768997
2697.500000 251.090851 185.897476
2700.000000 245.437057 188.719727
2702.500000 238.416367 191.128357
2705.000000 230.340942 192.304688
2707.500000 221.603180 192.272507
2710.000000 213.608414 191.513245
2712.500000 206.518265 190.724762
2715.000000 199.951111 190.082977
2717.500000 193.799225 189.586182
2720.000000 187.509094 189.143661
2722.500000 181.458588 188.790710
2725.000000 175.719849 188.508286
2727.500000 170.149414 188.353241
2730.000000 164.918457 188.373489
2732.500000 159.976456 188.630386
2735.000000 155.445770 189.142227
2737.500000 151.221802 189.926117
2740.000000 147.559875 191.140488
2742.500000 144.426300 192.361572
2745.000000 141.542267 194.200485
2747.500000 139.216293 196.096313
2750.000000 137.461563 198.297256
2752.500000 136.222229 200.576157
2755.000000 135.463058 202.759277
2757.500000 135.226852 205.218826
2760.000000 135.450180 207.451553
2762.500000 136.165634 209.911362
2765.000000 137.272110 212.032150
2767.500000 138.734970 214.019913
2770.000000 140.498123 215.947311
2772.500000 142.428909 217.548187
2775.000000 144.763611 219.021378
2777.500000 147.066467 220.359787
2780.000000 149.367340 221.476349
2782.500000 152.001419 222.495407
2785.000000 154.315598 223.452713
2787.500000 156.994324 224.472275
2790.000000 159.321350 225.393890
2792.500000 161.947998 226.741333
2795.000000 164.245728 228.009842
2797.500000 166.488037 230.709641
2800.000000 166.453247 240.999512
2802.500000 165.490295 251.530563
2805.000000 165.017914 260.305237
2807.500000 164.467804 268.461731
2810.000000 163.772247 276.679718
2812.500000 162.731720 284.775940
2815.000000 161.181061 292.994507
2817.500000 185.933197 223.836807
2817.500000 185.651428 232.348572
2817.500000 158.977402 301.370148
2820.000000 188.034500 221.482620
2820.000000 187.492859 235.507141
2820.000000 156.076645 309.829285
2822.500000 190.163818 220.533432
2822.500000 189.253113 237.306396
2822.500000 152.824600 317.362305
2825.000000 192.346786 218.467865
2825.000000 190.879318 240.619736
2825.000000 149.500626 324.654175
2827.500000 194.594818 217.469543
2827.500000 192.297302 242.702698
2827.500000 146.498138 330.861481
2830.000000 196.860260 216.186691
2830.000000 193.517502 245.482498
2830.000000 143.996307 336.332123
2832.500000 199.070206 214.822769
2832.500000 194.484283 248.199982
2832.500000 142.147186 341.372009
2835.000000 201.216873 213.443573
2835.000000 195.034607 250.850815
2835.000000 141.060272 345.679199
2837.500000 203.344193 211.655807
2837.500000 195.153076 253.631042
2837.500000 140.677872 348.777863
2840.000000 205.526474 209.607727
2840.000000 194.772095 256.293854
2840.000000 140.980377 351.644867
2842.500000 207.805634 207.704071
2842.500000 193.912521 259.259766
2842.500000 141.759064 354.373108
2845.000000 210.231796 205.739182
2845.000000 192.678650 261.953430
2845.000000 143.084320 356.889587
2847.500000 213.205124 203.405823
2847.500000 191.275131 264.428436
2847.500000 144.652176 358.422241
2850.000000 216.828583 200.878281
2850.000000 189.711609 267.240753
2850.000000 146.438507 359.819183
2852.500000 220.657349 198.702133
2852.500000 188.182266 270.031830
2852.500000 148.381683 360.517334
2855.000000 224.720001 196.571457
2855.000000 186.824860 273.103516
2855.000000 151.107468 361.029358
2857.500000 229.025543 194.245193
2857.500000 185.638062 276.290070
2857.500000 154.066391 361.104248
2860.000000 233.232544 191.849075
2860.000000 184.544037 279.701111
2860.000000 156.810730 360.741821
2862.500000 237.400894 189.406601
2862.500000 183.533066 283.282593
2862.500000 159.285431 360.022308
2865.000000 241.562622 186.652634
2865.000000 182.563248 286.972748
2865.000000 161.476669 358.692261
2867.500000 245.723969 183.764664
2867.500000 181.628250 290.656281
2867.500000 163.359482 357.443420
2870.000000 249.717926 180.766907
2870.000000 180.645126 294.409760
2870.000000 164.877121 355.086121
2872.500000 253.589294 177.613098
2872.500000 179.603165 298.179352
2872.500000 165.856400 352.514893
2875.000000 257.422699 174.492493
2875.000000 178.486664 301.934204
2875.000000 166.480835 349.994324
2877.500000 261.265167 170.864517
2877.500000 177.275360 305.686218
2877.500000 166.783844 347.028229
2880.000000 264.898315 167.509445
2880.000000 175.943039 309.656189
2880.000000 166.948990 343.650543
2882.500000 268.702271 163.812012
2882.500000 174.587280 313.142059
2882.500000 167.137527 340.845337
2885.000000 272.403229 160.319824
2885.000000 172.981384 316.975220
2885.000000 167.395767 337.687469
2887.500000 276.005341 156.684860
2887.500000 171.681534 319.373169
2887.500000 167.316620 336.470917
2890.000000 279.690948 152.834808
2890.000000 168.653885 322.880005
2890.000000 166.037323 330.590607
2892.500000 283.142822 149.345398
2895.000000 286.526794 145.473190
2897.500000 289.797729 141.877411
2900.000000 292.837830 138.259979
2902.500000 295.764038 134.612854
2905.000000 298.617157 131.000870
2907.500000 301.208344 127.625557
2910.000000 303.759796 123.641205
2912.500000 306.273315 120.060181
2915.000000 308.719696 116.293472
2917.500000 311.218811 112.768158
2920.000000 313.932220 108.812584
2922.500000 317.045380 105.124130
2925.000000 320.639557 101.406563
2927.500000 325.135986 97.882607
2930.000000 330.260559 94.790283
2932.500000 336.220337 91.798332
2935.000000 342.706055 88.934174
2937.500000 348.426208 86.669846
2940.000000 353.663330 84.238571
2942.500000 358.286987 81.770271
2945.000000 363.996613 78.930244
