207.500000 244.500046 190.741440
207.500000 78.731720 191.171890
210.000000 302.360809 192.190918
210.000000 62.995762 193.133911
212.500000 56.833565 195.626907
215.000000 55.584286 198.751465
217.500000 56.847591 201.223358
220.000000 59.038300 203.870621
222.500000 61.397114 205.699570
225.000000 64.057137 207.486908
227.500000 66.765106 208.690262
230.000000 69.536911 209.673691
232.500000 72.435028 210.200912
235.000000 75.395454 210.495590
237.500000 78.401405 210.498520
240.000000 81.423973 210.237411
242.500000 84.481323 210.035690
245.000000 87.692421 209.678650
247.500000 90.994278 209.957336
250.000000 94.344299 209.035675
252.500000 97.887009 208.734131
255.000000 101.489067 208.504730
257.500000 105.220741 208.258667
260.000000 109.032761 207.850006
262.500000 112.877495 207.704742
265.000000 116.811821 207.486908
267.500000 120.822670 207.529846
270.000000 124.901299 206.891220
272.500000 128.972916 206.678619
275.000000 133.113251 206.403030
277.500000 137.315643 206.048767
280.000000 141.533829 205.772705
282.500000 145.781586 205.485107
285.000000 150.129547 205.160828
287.500000 154.427719 204.807266
290.000000 158.739685 204.469528
292.500000 163.162827 204.015427
295.000000 167.495026 203.708282
297.500000 171.898849 203.293121
300.000000 176.318970 202.834824
302.500000 180.693619 202.435928
305.000000 185.152985 201.829468
307.500000 189.524368 201.462769
310.000000 193.979202 200.883102
312.500000 198.343384 200.370300
315.000000 202.742508 199.721039
317.500000 207.158691 199.159271
320.000000 211.425659 198.469376
322.500000 215.750778 197.684586
325.000000 220.068771 196.872955
327.500000 224.317612 196.099136
330.000000 228.498642 195.326370
332.500000 232.657379 194.348221
335.000000 236.843155 193.360611
337.500000 241.000046 192.356277
340.000000 245.167770 191.372192
342.500000 249.359283 190.340576
345.000000 253.542480 188.629807
347.500000 257.562256 187.686783
350.000000 261.395447 186.604553
352.500000 264.993958 185.162567
355.000000 268.162567 183.837448
357.500000 270.881531 181.118454
360.000000 272.989471 179.007706
362.500000 274.388000 177.612000
365.000000 275.063507 174.653961
367.500000 274.844177 171.577103
370.000000 274.113922 169.550430
372.500000 272.560120 167.096222
375.000000 270.586853 165.460999
377.500000 267.975952 164.354858
380.000000 265.299896 164.021606
382.500000 262.588531 164.438309
385.000000 259.825562 165.438187
387.500000 257.168213 166.831787
390.000000 254.566467 168.433533
392.500000 251.786652 170.213348
395.000000 248.852386 172.755737
397.500000 245.808533 173.662018
400.000000 242.631332 175.508545
402.500000 239.319458 177.680542
405.000000 235.908539 179.666443
407.500000 232.472168 181.731308
410.000000 229.155197 184.259415
412.500000 226.052063 186.403687
415.000000 223.183716 188.816284
417.500000 220.832657 191.167343
420.000000 218.895401 194.012833
422.500000 217.455231 196.572510
425.000000 216.413254 199.556000
427.500000 215.691422 202.342987
430.000000 215.158875 205.693481
432.500000 214.694336 208.450424
435.000000 214.064209 211.793518
437.500000 213.056625 215.252518
440.000000 212.256378 218.366364
442.500000 211.859344 221.767136
445.000000 211.978912 224.255280
447.500000 212.559402 227.470200
450.000000 213.677460 230.011337
452.500000 215.172745 232.445679
455.000000 217.089966 234.001862
457.500000 219.158783 235.371307
460.000000 221.508163 236.194321
462.500000 224.101746 236.402359
465.000000 226.504837 236.200012
467.500000 228.867126 235.000153
470.000000 230.633667 233.366333
472.500000 231.933319 230.899689
475.000000 232.507614 228.559006
477.500000 232.480087 225.716522
480.000000 231.990372 222.076111
482.500000 231.299698 219.434387
485.000000 230.564331 216.813141
487.500000 229.811523 213.506744
490.000000 229.089188 209.757690
492.500000 228.730026 205.860123
495.000000 228.755066 201.448364
497.500000 229.240997 196.770309
500.000000 230.200592 192.103088
502.500000 231.376144 187.555664
505.000000 232.244049 183.621490
507.500000 232.700287 179.762650
510.000000 232.810822 176.121201
512.500000 232.757843 172.571289
515.000000 232.677948 168.810593
517.500000 232.615143 165.035934
520.000000 232.478226 161.333984
522.500000 232.127075 157.688507
525.000000 231.648956 154.224014
527.500000 230.856201 151.022003
530.000000 229.850784 148.017639
532.500000 228.652115 145.346161
535.000000 227.018005 142.866028
537.500000 225.336517 140.727982
540.000000 223.268585 138.996979
542.500000 220.966949 137.830383
545.000000 218.660187 136.948639
547.500000 215.982452 136.966309
550.000000 213.609711 137.084671
552.500000 211.298309 138.500488
555.000000 209.485458 140.475204
557.500000 208.344971 142.535233
560.000000 208.025192 145.697144
562.500000 208.461380 147.710556
565.000000 209.506927 150.312866
567.500000 211.050903 153.129425
570.000000 212.574493 155.449158
572.500000 214.269501 158.677551
575.000000 216.041962 161.743362
577.500000 217.676163 164.433350
580.000000 219.374725 167.586807
582.500000 221.153046 171.723694
585.000000 223.039398 174.980499
587.500000 224.874466 178.421127
590.000000 226.609024 182.178223
592.500000 228.387741 185.539932
595.000000 230.343460 189.020233
597.500000 232.388870 192.591049
600.000000 234.490067 196.302795
602.500000 236.502899 200.277573
605.000000 238.608047 203.497421
607.500000 240.995178 207.024353
610.000000 243.322723 209.528687
612.500000 246.060349 211.492279
615.000000 248.787415 212.947800
617.500000 251.574417 214.005829
620.000000 254.482422 214.635208
622.500000 257.324890 214.700134
625.000000 260.180084 214.640854
627.500000 262.926788 214.933762
630.000000 265.516754 213.483231
632.500000 267.999023 212.294418
635.000000 270.243011 210.744781
637.500000 272.216705 209.783295
640.000000 273.837128 207.162872
642.500000 274.992798 204.016800
645.000000 275.601776 202.398209
647.500000 275.198792 199.755981
650.000000 274.065796 197.808319
652.500000 272.074890 196.102112
655.000000 269.673279 195.012650
657.500000 266.834198 194.623871
660.000000 263.705994 194.516006
662.500000 260.483917 194.572342
665.000000 257.042450 194.441315
667.500000 253.510025 193.842957
670.000000 249.651199 192.860382
672.500000 245.628204 191.407700
675.000000 241.516098 189.687256
677.500000 237.217392 187.618561
680.000000 233.076065 185.403137
682.500000 229.150620 183.365448
685.000000 225.268814 181.468124
687.500000 221.373596 179.653305
690.000000 217.544189 177.984161
692.500000 213.633728 176.553574
695.000000 209.968903 175.596588
697.500000 206.487991 174.776093
700.000000 203.080719 174.602554
702.500000 199.847992 174.739944
705.000000 196.841751 175.320190
707.500000 194.035507 176.305298
710.000000 191.481064 177.518936
712.500000 189.138611 179.401047
715.000000 187.105453 181.331741
717.500000 185.410065 183.563049
720.000000 184.041336 185.951263
722.500000 183.012421 187.641846
725.000000 182.377090 190.549576
727.500000 182.225723 192.513336
730.000000 182.622482 195.157288
732.500000 183.522614 197.461914
735.000000 185.025757 199.514313
737.500000 187.108307 200.996414
740.000000 189.402084 201.842743
742.500000 192.105850 202.004913
745.000000 194.744904 201.553909
747.500000 197.274170 200.559784
750.000000 199.763153 199.229630
752.500000 202.201752 197.624527
755.000000 204.806961 195.722183
757.500000 207.604477 194.395523
760.000000 210.752136 193.015594
762.500000 214.002548 191.784470
765.000000 217.359985 190.582596
767.500000 220.823486 189.232529
770.000000 224.461884 187.746826
772.500000 228.216400 186.615326
775.000000 232.183990 185.440582
777.500000 236.446396 184.353363
780.000000 240.849426 183.452789
782.500000 244.943497 182.422073
785.000000 248.680801 181.243576
787.500000 251.899689 179.527802
790.000000 254.803085 177.526901
792.500000 257.324188 175.675797
795.000000 259.511017 173.488983
797.500000 261.326569 170.673431
800.000000 262.785095 168.214890
802.500000 263.910675 165.113739
805.000000 264.662292 162.487717
807.500000 264.988129 160.000153
810.000000 265.082367 157.458481
812.500000 264.712982 154.510117
815.000000 263.890869 152.085464
817.500000 262.686737 150.003693
820.000000 260.990601 148.029266
822.500000 258.963287 146.719772
825.000000 256.621033 145.995026
827.500000 253.946960 146.233444
830.000000 251.656494 146.704498
832.500000 249.618454 148.381546
835.000000 247.936066 150.714798
837.500000 246.734711 153.265289
840.000000 245.690704 156.309296
842.500000 244.581055 159.418945
845.000000 243.202194 162.771988
847.500000 241.431900 165.626694
850.000000 239.298660 169.254135
852.500000 236.951614 172.117706
855.000000 234.465393 175.534607
857.500000 231.905670 179.094330
860.000000 229.362976 182.637024
862.500000 226.784409 185.664505
865.000000 224.174591 189.460083
867.500000 221.758347 192.271774
870.000000 219.763031 195.643356
872.500000 218.202789 199.515564
875.000000 217.022903 202.219574
877.500000 216.196304 205.846741
880.000000 215.704544 209.131668
882.500000 215.515350 212.350082
885.000000 215.654922 215.488205
887.500000 216.098282 218.641083
890.000000 216.782959 221.406311
892.500000 217.725662 224.220825
895.000000 218.981293 227.005447
897.500000 220.293213 229.615250
900.000000 222.044952 231.846786
902.500000 223.931107 233.741074
905.000000 226.024139 235.371964
907.500000 228.200714 236.509811
910.000000 230.635910 237.106934
912.500000 233.167206 237.053040
915.000000 235.543610 236.468338
917.500000 237.687347 235.312653
920.000000 239.318787 233.681213
922.500000 240.273468 230.726532
925.000000 240.424377 227.988602
927.500000 239.888123 225.197311
930.000000 238.821198 222.624100
932.500000 237.411850 219.572952
935.000000 235.949127 217.054810
937.500000 234.615936 214.133957
940.000000 233.374573 210.484421
942.500000 232.358276 207.158829
945.000000 231.545425 203.254578
947.500000 230.809799 199.109619
950.000000 230.071152 195.126480
952.500000 229.370499 191.033005
955.000000 228.695938 186.883438
957.500000 228.207123 182.365067
960.000000 228.104614 177.466187
962.500000 227.991394 172.197266
965.000000 227.631454 168.852295
967.500000 226.843216 165.018311
970.000000 225.768082 161.623642
972.500000 224.345795 158.614365
975.000000 222.645111 155.598236
977.500000 220.693939 153.408478
980.000000 218.527573 151.392502
982.500000 216.041473 149.663727
985.000000 213.691177 148.335739
987.500000 210.995331 147.733337
990.000000 208.528000 146.700485
992.500000 205.889816 147.093460
995.000000 203.443268 147.556732
997.500000 201.196014 148.783569
1000.000000 199.301498 150.698502
1002.500000 197.888504 152.111496
1005.000000 197.141525 154.789810
1007.500000 197.159286 157.562149
1010.000000 198.018600 159.886627
1012.500000 199.483978 162.013321
1015.000000 201.462753 164.005264
1017.500000 203.760117 165.625977
1020.000000 206.172287 167.926788
1022.500000 208.633667 169.721603
1025.000000 211.118210 172.675034
1027.500000 213.529953 175.090179
1030.000000 216.077744 178.670181
1032.500000 218.507568 181.061966
1035.000000 221.191483 184.629440
1037.500000 224.008728 187.698837
1040.000000 226.447998 190.610229
1042.500000 229.103271 194.713760
1045.000000 231.726349 197.161362
1047.500000 234.388474 199.972122
1050.000000 237.276276 202.348694
1052.500000 240.287643 204.315430
1055.000000 243.335205 205.995758
1057.500000 246.512848 207.420013
1060.000000 249.651657 208.552765
1062.500000 252.747131 209.337494
1065.000000 255.870148 209.610031
1067.500000 258.886780 209.630524
1070.000000 261.814697 209.852493
1072.500000 264.634186 208.607239
1075.000000 267.320312 207.638519
1077.500000 269.792084 206.400070
1080.000000 272.080536 205.279953
1082.500000 274.023224 203.505066
1085.000000 275.632721 201.367294
1087.500000 276.740265 198.741516
1090.000000 277.350128 196.649872
1092.500000 277.162354 194.279678
1095.000000 276.338806 191.635635
1097.500000 274.748444 189.558441
1100.000000 272.672913 188.436234
1102.500000 269.944122 187.850616
1105.000000 267.080963 187.829727
1107.500000 264.233521 188.368546
1110.000000 261.298584 189.223038
1112.500000 258.184479 189.808884
1115.000000 254.842026 190.457642
1117.500000 251.181793 190.711395
1120.000000 247.284256 190.662491
1122.500000 243.207489 190.359665
1125.000000 239.095200 189.838486
1127.500000 235.066071 189.581009
1130.000000 230.802475 189.222412
1132.500000 226.461899 188.535141
1135.000000 221.957748 187.631836
1137.500000 217.481781 186.573761
1140.000000 213.325531 185.774643
1142.500000 209.406174 185.441437
1145.000000 205.745056 185.505966
1147.500000 202.289780 186.017654
1150.000000 199.127029 186.840652
1152.500000 196.165955 188.192749
1155.000000 193.530518 189.469482
1157.500000 191.080093 191.341400
1160.000000 188.946442 193.053558
1162.500000 187.135773 195.864227
1165.000000 185.650131 197.349869
1167.500000 184.579575 200.388901
1170.000000 183.917114 202.078201
1172.500000 183.782318 205.100906
1175.000000 184.125046 207.581818
1177.500000 185.139664 209.855835
1180.000000 186.584213 211.706558
1182.500000 188.498306 213.412384
1185.000000 191.020462 214.262924
1187.500000 193.511475 214.435471
1190.000000 196.178162 213.693985
1192.500000 198.594437 212.507233
1195.000000 200.914825 210.766068
1197.500000 203.082016 208.917984
1200.000000 205.291702 206.708298
1202.500000 207.741211 204.562271
1205.000000 210.478271 202.547913
1207.500000 213.519150 200.588531
1210.000000 216.764374 198.668777
1212.500000 220.106064 196.852264
1215.000000 223.653809 194.615570
1217.500000 227.344040 192.700745
1220.000000 231.073868 190.789520
1222.500000 234.909744 188.768326
1225.000000 238.453278 186.642471
1227.500000 241.593185 184.450638
1230.000000 244.517441 182.482559
1232.500000 247.100845 179.899155
1235.000000 249.401627 176.929260
1237.500000 251.277512 174.617752
1240.000000 252.794434 171.219696
1242.500000 253.932159 168.113144
1245.000000 254.698669 165.426743
1247.500000 255.087479 162.614212
1250.000000 255.115158 159.695831
1252.500000 254.819458 156.998489
1255.000000 254.249893 154.640839
1257.500000 253.281174 151.705872
1260.000000 251.988907 149.476883
1262.500000 250.410629 147.550934
1265.000000 248.409134 145.980042
1267.500000 246.017288 144.784973
1270.000000 243.751099 144.663483
1272.500000 241.128983 145.008041
1275.000000 238.904373 146.714996
1277.500000 237.104706 148.185242
1280.000000 235.965317 150.118851
1282.500000 235.376953 153.250977
1285.000000 235.235916 156.346298
1287.500000 235.217514 159.453583
1290.000000 235.068298 162.290436
1292.500000 234.643188 165.891037
1295.000000 233.813599 169.311249
1297.500000 232.639908 173.360092
1300.000000 231.271820 177.400909
1302.500000 229.979034 181.020966
1305.000000 228.701309 184.892548
1307.500000 227.184113 189.159561
1310.000000 225.392883 193.221298
1312.500000 223.536896 197.176102
1315.000000 221.975449 200.638016
1317.500000 220.777634 204.457443
1320.000000 219.985397 208.008942
1322.500000 219.569122 211.815781
1325.000000 219.551208 215.205246
1327.500000 219.902283 218.160294
1330.000000 220.543549 221.507355
1332.500000 221.515121 224.326141
1335.000000 222.838013 227.046661
1337.500000 224.274017 229.690536
1340.000000 226.092834 231.994553
1342.500000 228.066681 233.989563
1345.000000 230.148438 235.568909
1347.500000 232.419144 236.888901
1350.000000 235.008347 237.552765
1352.500000 237.372650 237.587509
1355.000000 239.924927 237.482208
1357.500000 242.167648 236.595245
1360.000000 244.109528 234.377106
1362.500000 245.493317 232.580124
1365.000000 246.198730 230.749512
1367.500000 246.124817 227.570984
1370.000000 245.255264 224.665756
1372.500000 243.989746 222.351776
1375.000000 242.355499 220.089447
1377.500000 240.648575 217.420029
1380.000000 238.867310 214.216690
1382.500000 237.263260 211.648071
1385.000000 235.793533 208.223511
1387.500000 234.445114 204.424240
1390.000000 233.018097 200.871857
1392.500000 231.735382 197.041504
1395.000000 230.407669 193.047989
1397.500000 229.169876 188.645187
1400.000000 228.142502 184.629791
1402.500000 227.107193 180.718246
1405.000000 225.832642 176.621048
1407.500000 224.199036 173.735916
1410.000000 222.430374 170.020813
1412.500000 220.425583 167.099106
1415.000000 218.122925 164.788620
1417.500000 215.792831 162.467850
1420.000000 213.210098 160.800613
1422.500000 210.592682 159.371918
1425.000000 207.825226 158.408539
1427.500000 204.992844 157.994720
1430.000000 202.276337 157.426651
1432.500000 199.579300 157.521881
1435.000000 196.972702 158.716568
1437.500000 194.618301 158.390320
1440.000000 192.498825 160.501175
1442.500000 190.750061 162.249939
1445.000000 189.529312 164.470688
1447.500000 189.011200 166.681381
1450.000000 189.223724 169.500366
1452.500000 190.256165 171.622238
1455.000000 192.018677 173.563293
1457.500000 194.326874 174.999664
1460.000000 197.051407 176.152573
1462.500000 200.012512 176.938461
1465.000000 203.019180 177.900772
1467.500000 206.098312 179.227310
1470.000000 209.281754 180.886642
1472.500000 212.613373 182.758881
1475.000000 216.025421 185.155518
1477.500000 219.285614 187.515213
1480.000000 222.888733 189.624146
1482.500000 226.289337 192.570496
1485.000000 229.693802 195.131241
1487.500000 233.062592 197.976410
1490.000000 236.274185 200.351364
1492.500000 239.546478 202.141998
1495.000000 242.991486 203.657639
1497.500000 246.244156 204.821976
1500.000000 249.603577 205.683350
1502.500000 252.832047 206.317230
1505.000000 256.029968 206.246811
1507.500000 259.090546 205.501343
1510.000000 262.020294 205.469162
1512.500000 264.788696 204.491394
1515.000000 267.417206 203.582809
1517.500000 269.855560 201.693466
1520.000000 271.987488 200.249100
1522.500000 273.818329 198.181686
1525.000000 275.275238 196.724762
1527.500000 276.263092 193.736923
1530.000000 276.741943 191.259445
1532.500000 276.497131 188.493164
1535.000000 275.686798 186.455048
1537.500000 274.133728 184.727936
1540.000000 271.944489 183.081924
1542.500000 269.606506 182.445175
1545.000000 266.805878 182.657364
1547.500000 263.956909 183.640976
1550.000000 261.312408 184.290039
1552.500000 258.550201 185.385498
1555.000000 255.567612 186.535004
1557.500000 252.294891 187.567780
1560.000000 248.706741 188.354568
1562.500000 244.848251 188.894775
1565.000000 240.951965 189.371933
1567.500000 236.950882 189.854401
1570.000000 232.861237 190.320160
1572.500000 228.600632 190.625473
1575.000000 224.218079 190.744965
1577.500000 219.822449 190.748962
1580.000000 215.669250 190.830795
1582.500000 211.810913 191.444794
1585.000000 208.157181 192.318329
1587.500000 204.829681 193.350388
1590.000000 201.743988 194.665405
1592.500000 199.085144 196.659927
1595.000000 196.692642 198.307358
1597.500000 194.593521 200.406479
1600.000000 192.847351 203.152649
1602.500000 191.414032 205.585968
1605.000000 190.340881 208.592834
1607.500000 189.661392 210.794128
1610.000000 189.320068 213.638840
1612.500000 189.476990 216.189621
1615.000000 190.047363 218.554703
1617.500000 191.180237 220.765839
1620.000000 192.721771 222.584885
1622.500000 194.809784 224.141632
1625.000000 197.179352 224.820435
1627.500000 199.752777 224.875229
1630.000000 202.191711 224.330185
1632.500000 204.373734 222.626266
1635.000000 206.222565 220.777435
1637.500000 207.785172 218.230927
1640.000000 209.236130 215.763870
1642.500000 210.845230 212.477737
1645.000000 212.793045 209.902313
1647.500000 215.116318 207.454147
1650.000000 217.783356 204.216644
1652.500000 220.698410 201.360870
1655.000000 223.789291 198.543793
1657.500000 227.079529 195.881332
1660.000000 230.499588 192.865463
1662.500000 233.898682 190.273804
1665.000000 237.165894 187.811584
1667.500000 240.027298 184.922989
1670.000000 242.467545 181.824066
1672.500000 244.548035 178.871384
1675.000000 246.277222 175.864166
1677.500000 247.633438 172.692749
1680.000000 248.607468 169.655380
1682.500000 249.189178 166.375031
1685.000000 249.414932 163.756241
1687.500000 249.272614 160.533539
1690.000000 248.800491 157.926880
1692.500000 247.992523 155.013092
1695.000000 246.890030 152.450607
1697.500000 245.524445 150.504379
1700.000000 243.793716 148.473053
1702.500000 241.763031 146.940155
1705.000000 239.569305 145.887787
1707.500000 236.988388 145.650436
1710.000000 234.657776 145.436401
1712.500000 232.267929 146.418030
1715.000000 230.283279 147.716721
1717.500000 228.862183 150.137817
1720.000000 228.139679 152.694305
1722.500000 228.049011 155.363495
1725.000000 228.412292 158.284714
1727.500000 228.964172 161.027832
1730.000000 229.414703 164.447449
1732.500000 229.650467 167.864639
1735.000000 229.545105 171.556335
1737.500000 229.161194 175.605240
1740.000000 228.654617 179.347397
1742.500000 228.158890 183.501297
1745.000000 227.700821 187.423706
1747.500000 227.018402 191.503784
1750.000000 226.101944 195.985291
1752.500000 225.127594 200.428772
1755.000000 224.436264 204.168060
1757.500000 224.122772 208.163345
1760.000000 224.129120 211.585815
1762.500000 224.459930 215.209213
1765.000000 225.179581 218.634750
1767.500000 226.209595 221.641907
1770.000000 227.528152 224.441864
1772.500000 229.178986 227.003387
1775.000000 231.051926 229.600021
1777.500000 233.076508 231.550201
1780.000000 235.233490 233.244843
1782.500000 237.575729 234.708771
1785.000000 240.104813 235.606949
1787.500000 242.596893 236.400604
1790.000000 245.178391 236.373169
1792.500000 247.624649 236.375565
1795.000000 249.998413 235.160858
1797.500000 251.949463 233.618301
1800.000000 253.437180 231.562820
1802.500000 254.308823 229.691177
1805.000000 254.392624 226.748123
1807.500000 253.629379 224.151016
1810.000000 252.240540 221.729034
1812.500000 250.387543 219.670334
1815.000000 248.140152 217.947021
1817.500000 245.856934 215.464645
1820.000000 243.584274 213.424698
1822.500000 241.223328 210.696030
1825.000000 238.962921 207.311523
1827.500000 236.871368 204.060699
1830.000000 234.795456 200.267990
1832.500000 232.646744 197.054367
1835.000000 230.559753 193.276398
1837.500000 228.584442 189.350418
1840.000000 226.732468 185.222412
1842.500000 224.802322 181.583344
1845.000000 222.686234 178.366470
1847.500000 220.305817 175.625031
1850.000000 217.818283 172.662872
1852.500000 215.153290 170.851227
1855.000000 212.509018 168.998962
1857.500000 209.676987 167.583633
1860.000000 206.785904 166.631958
1862.500000 203.889755 165.995560
1865.000000 201.009628 165.701721
1867.500000 198.266846 165.683304
1870.000000 195.562592 166.451996
1872.500000 193.014496 167.166824
1875.000000 190.737762 168.262238
1877.500000 188.717331 169.191147
1880.000000 187.129715 171.870285
1882.500000 186.064224 174.856674
1885.000000 185.582138 176.417862
1887.500000 186.018341 179.182327
1890.000000 187.063507 181.488159
1892.500000 188.952988 183.018311
1895.000000 191.161850 184.392029
1897.500000 194.026642 185.104996
1900.000000 197.000137 185.432800
1902.500000 200.027679 185.661667
1905.000000 203.196747 186.014160
1907.500000 206.577606 186.833298
1910.000000 210.160843 187.977463
1912.500000 213.858383 189.392014
1915.000000 217.500366 190.940659
1917.500000 221.403015 192.509979
1920.000000 225.381592 194.351517
1922.500000 229.292252 196.379425
1925.000000 233.117493 198.341614
1927.500000 236.748901 200.055588
1930.000000 240.405319 201.387054
1932.500000 243.963043 202.478348
1935.000000 247.437897 202.839966
1937.500000 250.918945 203.546646
1940.000000 254.255234 203.067474
1942.500000 257.424255 202.731201
1945.000000 260.475006 202.075394
1947.500000 263.360565 201.017044
1950.000000 266.034302 199.785202
1952.500000 268.501404 198.498596
1955.000000 270.723419 196.276581
1957.500000 272.672394 194.327606
1960.000000 274.285431 192.714554
1962.500000 275.495880 189.591614
1965.000000 276.293732 187.706253
1967.500000 276.466278 184.326462
1970.000000 276.206726 182.552139
1972.500000 275.210541 180.614075
1975.000000 273.683472 178.362137
1977.500000 271.471313 176.935822
1980.000000 268.955139 176.459320
1982.500000 266.370178 176.472809
1985.000000 263.779602 177.331940
1987.500000 261.299438 178.701813
1990.000000 258.874847 180.394226
1992.500000 256.389465 182.483749
1995.000000 253.594803 184.320923
1997.500000 250.488495 185.581009
2000.000000 247.004822 187.239578
2002.500000 243.320343 188.555450
2005.000000 239.439941 189.737274
2007.500000 235.633102 191.221161
2010.000000 231.720398 192.446533
2012.500000 227.612259 193.644974
2015.000000 223.309006 194.718918
2017.500000 219.031631 195.707520
2020.000000 215.067215 196.944412
2022.500000 211.582642 198.363541
2025.000000 208.296814 200.298096
2027.500000 205.451645 202.298187
2030.000000 203.019852 204.184296
2032.500000 200.961609 206.278473
2035.000000 199.251556 209.433884
2037.500000 197.933167 211.109695
2040.000000 196.976120 214.009399
2042.500000 196.406754 217.331024
2045.000000 196.231781 219.556671
2047.500000 196.416702 222.528183
2050.000000 197.076706 225.238876
2052.500000 198.055267 227.428467
2055.000000 199.511871 229.375473
2057.500000 201.402740 230.892578
2060.000000 203.701843 231.925400
2062.500000 206.128372 232.115387
2065.000000 208.647247 231.733231
2067.500000 210.963272 230.500824
2070.000000 212.725891 228.441055
2072.500000 214.130219 226.655136
2075.000000 215.175095 223.824905
2077.500000 216.136902 220.863098
2080.000000 217.272537 217.727463
2082.500000 218.764526 214.235825
2085.000000 220.669510 211.240585
2087.500000 222.896500 207.726151
2090.000000 225.293869 204.706131
2092.500000 227.907486 201.092514
2095.000000 230.725739 197.531372
2097.500000 233.617996 194.382004
2100.000000 236.537827 191.367340
2102.500000 239.046738 187.953262
2105.000000 241.059158 184.940842
2107.500000 242.698608 181.381256
2110.000000 243.994965 178.003082
2112.500000 244.965820 174.335953
2115.000000 245.626144 171.606339
2117.500000 245.919174 168.155746
2120.000000 245.854858 165.216934
2122.500000 245.513245 162.357956
2125.000000 244.821381 159.294449
2127.500000 243.828842 156.297302
2130.000000 242.595459 154.101639
2132.500000 240.953751 151.602585
2135.000000 239.177155 149.898834
2137.500000 237.157166 148.259293
2140.000000 234.895126 147.051575
2142.500000 232.594467 146.239761
2145.000000 229.976196 146.695602
2147.500000 227.663727 146.549728
2150.000000 225.496140 147.376266
2152.500000 223.765656 149.305359
2155.000000 222.729324 152.270676
2157.500000 222.457321 154.920212
2160.000000 222.858109 157.520462
2162.500000 223.763748 160.227814
2165.000000 224.952545 163.030121
2167.500000 226.093582 166.307892
2170.000000 227.080093 169.565063
2172.500000 227.850983 172.806046
2175.000000 228.313614 176.367264
2177.500000 228.622894 180.623032
2180.000000 228.926514 184.244446
2182.500000 229.337997 188.452850
2185.000000 229.783356 192.654205
2187.500000 230.001190 197.099991
2190.000000 229.953339 201.084869
2192.500000 229.984390 205.104767
2195.000000 230.247055 209.424927
2197.500000 230.885300 213.282547
2200.000000 231.831345 216.074326
2202.500000 233.101608 220.066711
2205.000000 234.614487 222.562027
2207.500000 236.418167 225.471405
2210.000000 238.484619 227.587143
2212.500000 240.820694 229.489105
2215.000000 243.194092 231.085739
2217.500000 245.730423 232.375397
2220.000000 248.297394 233.061783
2222.500000 251.015457 233.565353
2225.000000 253.538757 233.577194
2227.500000 256.071350 233.177658
2230.000000 258.324768 232.222443
2232.500000 260.294373 230.705643
2235.000000 261.816498 228.198151
2237.500000 262.735962 226.296936
2240.000000 262.865875 223.405853
2242.500000 262.217285 221.657303
2245.000000 260.779663 219.027451
2247.500000 258.850647 217.098984
2250.000000 256.590454 215.508118
2252.500000 253.876831 213.703506
2255.000000 251.221390 212.334976
2257.500000 248.566437 210.029709
2260.000000 245.824051 207.407349
2262.500000 242.993073 204.143021
2265.000000 240.458633 201.614380
2267.500000 237.725021 198.362030
2270.000000 234.893784 194.282455
2272.500000 232.330063 191.623749
2275.000000 229.823288 187.292709
2277.500000 227.281509 184.647018
2280.000000 224.690125 181.571793
2282.500000 221.850998 179.303986
2285.000000 218.901459 177.262161
2287.500000 215.895309 175.563187
2290.000000 212.891327 174.278122
2292.500000 209.851517 173.315536
2295.000000 206.798920 172.792374
2297.500000 203.820175 172.560303
2300.000000 200.887863 172.883682
2302.500000 198.047119 172.834259
2305.000000 195.417877 173.582123
2307.500000 192.905991 174.616287
2310.000000 190.660568 176.339432
2312.500000 188.737137 177.262848
2315.000000 187.226334 179.941315
2317.500000 186.199005 182.743912
2320.000000 185.754654 184.245346
2322.500000 186.103134 187.654480
2325.000000 187.068634 189.488937
2327.500000 188.828110 191.061218
2330.000000 191.083145 192.470566
2332.500000 193.823105 193.009750
2335.000000 196.614120 192.888016
2337.500000 199.576462 192.654449
2340.000000 202.676941 192.402374
2342.500000 206.019730 191.837860
2345.000000 209.489960 192.066788
2347.500000 213.311707 192.527283
2350.000000 217.252151 193.136795
2352.500000 221.121368 193.890411
2355.000000 225.056244 194.589096
2357.500000 229.339325 195.402420
2360.000000 233.563675 196.487686
2362.500000 237.721283 197.663315
2365.000000 241.690308 198.624680
2367.500000 245.517853 199.220032
2370.000000 249.262650 199.503693
2372.500000 252.826172 199.446411
2375.000000 256.241608 199.002151
2377.500000 259.419556 198.389069
2380.000000 262.414581 197.420593
2382.500000 265.207947 195.792038
2385.000000 267.738129 194.261871
2387.500000 270.034790 192.546936
2390.000000 272.065918 190.792206
2392.500000 273.795197 188.204803
2395.000000 275.178925 185.821075
2397.500000 276.198975 183.798447
2400.000000 276.744873 180.380066
2402.500000 276.811737 178.133850
2405.000000 276.297211 175.687531
2407.500000 275.248230 173.681549
2410.000000 273.612061 171.671982
2412.500000 271.555573 170.494507
2415.000000 268.909515 169.991577
2417.500000 266.337128 170.201736
2420.000000 263.837769 171.653625
2422.500000 261.598663 172.483276
2425.000000 259.477844 174.522141
2427.500000 257.322144 176.862503
2430.000000 255.046432 179.223892
2432.500000 252.474365 181.525635
2435.000000 249.488342 183.511658
2437.500000 246.162033 185.550339
2440.000000 242.675186 187.352600
2442.500000 239.076065 189.447372
2445.000000 235.316101 191.484985
2447.500000 231.492569 193.363754
2450.000000 227.407364 195.257812
2452.500000 223.474823 196.678253
2455.000000 219.993713 198.724594
2457.500000 216.773376 200.779404
2460.000000 213.941772 203.096695
2462.500000 211.450974 205.549026
2465.000000 209.337234 208.593903
2467.500000 207.623383 210.841751
2470.000000 206.317184 213.682816
2472.500000 205.392883 216.599716
2475.000000 204.865570 219.099380
2477.500000 204.741135 222.122833
2480.000000 204.990463 224.264236
2482.500000 205.527512 227.477356
2485.000000 206.517548 229.660477
2487.500000 207.943054 232.016724
2490.000000 209.600174 233.832474
2492.500000 211.669174 235.259628
2495.000000 214.099594 235.761978
2497.500000 216.502426 236.011032
2500.000000 219.028427 235.165833
2502.500000 221.034851 233.671066
2505.000000 222.475876 231.530884
2507.500000 223.485504 228.859634
2510.000000 224.005249 225.920425
2512.500000 224.391037 222.914963
2515.000000 224.912781 219.299713
2517.500000 225.760178 216.324615
2520.000000 226.975082 212.604904
2522.500000 228.563339 209.389084
2525.000000 230.293060 205.706940
2527.500000 232.088409 201.911591
2530.000000 234.145889 197.960815
2532.500000 236.366241 194.397705
2535.000000 238.612595 190.389206
2537.500000 240.557037 186.781815
2540.000000 242.052124 183.882492
2542.500000 243.160614 179.861740
2545.000000 243.943466 176.095520
2547.500000 244.376297 172.984558
2550.000000 244.495712 169.670502
2552.500000 244.259186 166.570679
2555.000000 243.726242 163.275665
2557.500000 242.861374 160.239578
2560.000000 241.757080 157.361572
2562.500000 240.357849 155.059998
2565.000000 238.730179 152.605408
2567.500000 236.850540 150.608505
2570.000000 234.781540 148.971436
2572.500000 232.595795 147.643845
2575.000000 230.060806 146.674393
2577.500000 227.695892 146.317444
2580.000000 225.168961 146.589478
2582.500000 222.857758 147.781372
2585.000000 220.872574 148.682709
2587.500000 219.448837 151.156586
2590.000000 218.722336 153.277664
2592.500000 218.803284 156.073151
2595.000000 219.614670 158.793808
2597.500000 220.909637 161.130829
2600.000000 222.484497 163.516220
2602.500000 224.131912 166.691086
2605.000000 225.699020 169.292892
2607.500000 227.137665 172.682343
2610.000000 228.334991 176.274719
2612.500000 229.415390 180.056122
2615.000000 230.442505 183.346283
2617.500000 231.571136 187.648376
2620.000000 232.756744 191.695038
2622.500000 233.758301 195.821945
2625.000000 234.580887 200.086990
2627.500000 235.365402 204.323288
2630.000000 236.368073 208.288513
2632.500000 237.658081 211.285156
2635.000000 239.184143 215.730072
2637.500000 241.047699 218.687073
2640.000000 243.070099 220.862137
2642.500000 245.253601 222.804901
2645.000000 247.717880 224.618744
2647.500000 250.246872 226.039703
2650.000000 253.008881 227.124420
2652.500000 255.603012 227.757309
2655.000000 258.315704 228.069565
2657.500000 261.028748 228.000656
2660.000000 263.511566 227.488434
2662.500000 265.845154 226.422928
2665.000000 267.895569 225.104416
2667.500000 269.500763 223.499222
2670.000000 270.555756 220.835052
2672.500000 270.916473 218.147568
2675.000000 270.379852 215.494537
2677.500000 269.208649 213.706543
2680.000000 267.310303 211.784546
2682.500000 264.934570 210.273178
2685.000000 262.235260 209.277649
2687.500000 259.398682 208.173767
2690.000000 256.429443 206.822510
2692.500000 253.349533 205.170029
2695.000000 250.168304 202.979095
2697.500000 246.973816 200.152176
2700.000000 243.865524 197.560059
2702.500000 240.631592 195.012894
2705.000000 237.363220 191.984863
2707.500000 234.183640 188.895462
2710.000000 231.089355 185.838074
2712.500000 228.030869 183.236526
2715.000000 224.959946 181.117020
2717.500000 221.833847 179.443329
2720.000000 218.658600 178.122635
2722.500000 215.411865 177.030228
2725.000000 212.153519 176.412369
2727.500000 208.981705 176.362259
2730.000000 205.922256 176.319916
2732.500000 202.958572 176.964554
2735.000000 200.097916 177.169510
2737.500000 197.424805 178.182877
2740.000000 194.962738 179.241348
2742.500000 192.731476 180.268524
2745.000000 190.837708 182.162292
2747.500000 189.309952 184.690048
2750.000000 188.267288 187.580627
2752.500000 187.729385 189.258209
2755.000000 188.002487 192.073975
2757.500000 188.784271 194.104889
2760.000000 190.321640 196.436066
2762.500000 192.342758 197.647385
2765.000000 195.026825 198.303940
2767.500000 197.735092 198.267868
2770.000000 200.522705 197.688202
2772.500000 203.387909 196.764984
2775.000000 206.380188 195.740158
2777.500000 209.596329 195.216110
2780.000000 213.141983 194.598572
2782.500000 216.942734 194.783096
2785.000000 220.914429 194.711670
2787.500000 224.826431 194.447433
2790.000000 228.682404 194.256424
2792.500000 232.959671 194.397552
2795.000000 237.240250 194.303970
2797.500000 241.538422 194.629700
2800.000000 245.695679 194.805481
2802.500000 249.643326 194.737213
2805.000000 253.410172 194.374252
2807.500000 256.929565 193.664108
2810.000000 260.162140 192.702652
2812.500000 263.156097 191.462112
2815.000000 265.859039 189.570145
2817.500000 268.292145 187.707855
2820.000000 270.438049 185.561951
2822.500000 272.283325 183.716690
2825.000000 273.812744 181.100952
2827.500000 275.027588 178.558914
2830.000000 275.805542 175.809387
2832.500000 276.260406 173.364670
2835.000000 276.145508 170.752350
2837.500000 275.600403 168.374527
2840.000000 274.502747 166.379639
2842.500000 272.882812 164.313232
2845.000000 270.765839 163.071182
2847.500000 268.427582 162.417038
2850.000000 265.783813 162.868896
2852.500000 263.286133 163.606842
2855.000000 261.098724 165.330154
2857.500000 259.258850 167.597580
2860.000000 257.543610 169.476822
2862.500000 255.775253 172.224747
2865.000000 253.730331 175.026474
2867.500000 251.396149 177.603851
2870.000000 248.601791 180.398209
2872.500000 245.558670 182.441330
2875.000000 242.359543 185.468781
2877.500000 238.869781 187.935638
2880.000000 235.431625 190.488052
2882.500000 231.633408 192.736374
2885.000000 227.950027 195.123489
2887.500000 224.782898 197.303238
2890.000000 222.015457 200.137482
2892.500000 219.567352 202.768372
2895.000000 217.468323 205.559921
2897.500000 215.727753 208.333984
2900.000000 214.366104 211.633896
2902.500000 213.402313 214.582291
2905.000000 212.809113 217.285431
2907.500000 212.621689 220.437912
2910.000000 212.798920 223.148804
2912.500000 213.314346 226.038544
2915.000000 214.173920 228.683197
2917.500000 215.383102 230.771622
2920.000000 217.036301 233.300491
2922.500000 218.853775 234.659866
2925.000000 221.067841 235.815475
2927.500000 223.317169 236.500122
2930.000000 225.985397 236.370697
2932.500000 228.215515 235.593170
2935.000000 230.205032 233.303940
2937.500000 231.585312 231.639221
2940.000000 232.352219 229.239731
2942.500000 232.551834 226.355545
2945.000000 232.438095 223.348999
2947.500000 232.304337 220.192993
2950.000000 232.409668 216.810394
2952.500000 232.846832 213.246201
2955.000000 233.644897 209.483963
2957.500000 234.650421 205.566162
2960.000000 235.676575 201.683548
2962.500000 236.752472 197.558044
2965.000000 238.147202 193.764053
2967.500000 239.710434 189.379684
2970.000000 241.147552 185.743988
2972.500000 242.231491 181.707245
2975.000000 242.904343 177.997025
2977.500000 243.276428 174.466858
2980.000000 243.307861 170.301331
2982.500000 243.019058 167.553146
2985.000000 242.433273 164.352982
2987.500000 241.524368 161.254013
2990.000000 240.298355 158.634384
2992.500000 238.820160 155.450912
2995.000000 237.071686 153.595673
2997.500000 235.195251 151.388870
3000.000000 233.031601 149.424835
3002.500000 230.850433 147.961349
3005.000000 228.514816 146.806870
3007.500000 225.933167 146.163239
3010.000000 223.517548 145.586533
3012.500000 220.969299 146.893997
3015.000000 218.781738 147.594940
3017.500000 216.884308 148.644424
3020.000000 215.593628 151.324371
3022.500000 215.028122 153.455719
3025.000000 215.255768 156.291595
3027.500000 216.252289 158.568909
3030.000000 217.838531 161.021118
3032.500000 219.674881 163.152893
3035.000000 221.716324 165.424271
3037.500000 223.796890 168.047516
3040.000000 225.777237 171.007797
3042.500000 227.571198 174.131500
3045.000000 229.298447 177.587677
3047.500000 231.051132 181.746078
3050.000000 232.749435 184.263992
3052.500000 234.478668 188.421616
3055.000000 236.164337 192.635147
3057.500000 237.739716 196.538025
3060.000000 239.216949 200.599808
3062.500000 240.966217 204.213211
3065.000000 242.765488 207.350632
3067.500000 244.837189 210.421066
3070.000000 247.078781 213.642853
3072.500000 249.421829 215.622208
3075.000000 252.074692 217.522339
3077.500000 254.707367 218.965424
3080.000000 257.417328 219.865112
3082.500000 260.250488 220.556976
3085.000000 263.067963 220.689728
3087.500000 265.781006 220.709854
3090.000000 268.381989 220.459106
3092.500000 270.793945 219.281845
3095.000000 273.007629 218.045517
3097.500000 274.794983 216.205002
3100.000000 276.143799 214.856201
3102.500000 276.848663 211.391525
3105.000000 276.868988 209.207123
3107.500000 275.937164 206.285370
3110.000000 274.415527 204.751389
3112.500000 272.431427 203.525360
3115.000000 269.789062 202.378937
3117.500000 266.868469 201.718430
3120.000000 263.842072 201.068039
3122.500000 260.719757 200.222549
3125.000000 257.421051 199.042664
3127.500000 253.925476 197.348129
3130.000000 250.446472 195.574936
3132.500000 246.875504 193.365433
3135.000000 243.127319 191.233276
3137.500000 239.524719 188.796219
3140.000000 235.902618 186.097565
3142.500000 232.455307 183.806519
3145.000000 228.959641 181.539581
3147.500000 225.673889 180.176544
3150.000000 222.240341 179.004883
3152.500000 218.848358 178.284302
3155.000000 215.496078 177.700073
3157.500000 212.227646 177.556290
3160.000000 209.045029 177.738419
3162.500000 206.005508 178.235214
3165.000000 203.088516 179.136810
3167.500000 200.389053 180.389496
3170.000000 197.897858 181.310898
3172.500000 195.610367 183.389633
3175.000000 193.626968 185.373032
3177.500000 192.014435 187.971771
3180.000000 190.778763 189.221237
3182.500000 190.064880 191.557739
3185.000000 189.931824 194.018860
3187.500000 190.410629 196.528091
3190.000000 191.613525 198.534637
3192.500000 193.340195 200.524841
3195.000000 195.637955 201.566681
3197.500000 198.315948 201.822861
3200.000000 201.075760 201.469772
3202.500000 203.705521 200.494431
3205.000000 206.353378 199.353577
3207.500000 209.144745 197.793625
3210.000000 212.139847 196.548599
3212.500000 215.470764 195.415985
3215.000000 219.162262 194.532822
3217.500000 223.084473 193.820038
3220.000000 226.926193 193.246262
3222.500000 230.535797 192.452744
3225.000000 234.563354 191.518219
3227.500000 238.813171 190.782150
3230.000000 243.132248 190.330627
3232.500000 247.349335 189.825562
3235.000000 251.363556 189.106506
3237.500000 255.091644 188.177155
3240.000000 258.468140 186.723267
3242.500000 261.505798 185.494186
3245.000000 264.259186 183.740829
3247.500000 266.670258 181.329742
3250.000000 268.767548 179.232468
3252.500000 270.520538 176.600571
3255.000000 271.933899 174.066513
3257.500000 272.992981 171.014282
3260.000000 273.681213 169.102509
3262.500000 274.044586 166.508835
3265.000000 273.918915 163.287094
3267.500000 273.369995 161.572144
3270.000000 272.308868 159.040680
3272.500000 270.820862 157.031174
3275.000000 268.871979 155.627167
3277.500000 266.571381 154.872223
3280.000000 263.935516 154.950684
3282.500000 261.542877 155.426270
3285.000000 259.289948 156.818939
3287.500000 257.481995 158.938660
3290.000000 256.025513 161.477173
3292.500000 254.732468 164.267532
3295.000000 253.353088 167.098938
3297.500000 251.699524 169.682083
3300.000000 249.656113 172.623688
3302.500000 247.233322 175.820206
3305.000000 244.544922 178.789764
3307.500000 241.688690 182.050247
3310.000000 238.613602 185.348343
3312.500000 235.397629 188.305664
3315.000000 231.990585 191.057617
3317.500000 228.817947 193.782394
3320.000000 226.266220 196.733780
3322.500000 224.176041 199.823959
3325.000000 222.407379 202.841003
3327.500000 220.993347 206.006653
3330.000000 219.912979 209.069183
3332.500000 219.171326 212.608231
3335.000000 218.834274 215.166763
3337.500000 218.851822 218.141739
3340.000000 219.200928 221.401901
3342.500000 219.973160 224.003098
3345.000000 220.952087 226.439331
3347.500000 222.258881 228.830627
3350.000000 224.015594 231.276840
3352.500000 225.870819 232.673523
3355.000000 228.083572 233.846695
3357.500000 230.335236 234.693680
3360.000000 232.959290 234.664734
3362.500000 235.244400 234.038818
3365.000000 237.340729 232.659271
3367.500000 238.918488 230.479538
3370.000000 239.791367 228.245758
3372.500000 239.975143 225.080597
3375.000000 239.623459 222.659012
3377.500000 238.977341 219.108994
3380.000000 238.360779 216.604584
3382.500000 237.911118 213.103668
3385.000000 237.808228 209.508118
3387.500000 237.959839 205.226944
3390.000000 238.315033 201.813980
3392.500000 238.671906 197.833771
3395.000000 238.981522 193.090088
3397.500000 239.617020 189.353500
3400.000000 240.403763 185.105560
3402.500000 241.105850 180.325592
3405.000000 241.523102 177.088181
3407.500000 241.581665 173.334030
3410.000000 241.318207 169.389359
3412.500000 240.777939 166.121826
3415.000000 239.888031 162.907104
3417.500000 238.754471 159.319321
3420.000000 237.308167 157.100433
3422.500000 235.661163 154.502838
3425.000000 233.740219 152.323547
3427.500000 231.647507 150.334991
3430.000000 229.352432 148.600250
3432.500000 226.900955 147.256882
3435.000000 224.464142 146.088882
3437.500000 221.863419 145.832642
3440.000000 219.348389 145.469406
3442.500000 216.863098 145.991287
3445.000000 214.640579 146.412766
3447.500000 212.721527 148.278473
3450.000000 211.350296 150.649704
3452.500000 210.671631 153.186279
3455.000000 210.810074 155.524872
3457.500000 211.791580 158.031891
3460.000000 213.327988 160.568604
3462.500000 215.354568 162.479538
3465.000000 217.689148 164.106369
3467.500000 220.100906 166.583603
3470.000000 222.419968 168.612274
3472.500000 224.877014 171.206451
3475.000000 227.124802 174.718521
3477.500000 229.300354 177.628021
3480.000000 231.560013 180.575226
3482.500000 234.017197 184.599380
3485.000000 236.162201 188.009003
3487.500000 238.286209 191.594803
3490.000000 240.353546 195.623169
3492.500000 242.532959 198.551865
3495.000000 245.010620 202.652527
3497.500000 247.354095 204.682632
3500.000000 250.061615 207.392624
3502.500000 252.739853 209.106903
3505.000000 255.526337 210.706497
3507.500000 258.374786 211.830612
3510.000000 261.293610 212.621262
3512.500000 264.185242 213.012589
3515.000000 267.064301 213.004379
3517.500000 269.751251 212.624817
3520.000000 272.331329 212.019165
3522.500000 274.737335 210.583160
3525.000000 276.824799 209.175201
3527.500000 278.577484 207.422531
3530.000000 279.862427 205.137573
3532.500000 280.512939 203.120010
3535.000000 280.531128 200.543060
3537.500000 279.676483 198.174667
3540.000000 278.121826 196.619461
3542.500000 275.968536 194.611374
3545.000000 273.386566 193.957901
3547.500000 270.571198 193.572021
3550.000000 267.511932 193.447647
3552.500000 264.323669 193.277695
3555.000000 260.917542 192.967361
3557.500000 257.449677 192.001709
3560.000000 253.699554 190.856781
3562.500000 249.883820 189.442154
3565.000000 245.960373 188.007568
3567.500000 241.916260 186.186279
3570.000000 237.929337 184.247101
3572.500000 233.991058 182.266556
3575.000000 230.304169 180.810715
3577.500000 226.615753 179.562790
3580.000000 223.064163 178.750229
3582.500000 219.554535 178.313873
3585.000000 216.115036 178.191833
3587.500000 212.832947 178.344345
3590.000000 209.662216 178.716400
3592.500000 206.671478 179.555405
3595.000000 203.827515 180.657516
3597.500000 201.216843 182.422577
3600.000000 198.810638 183.425537
3602.500000 196.691238 185.308762
3605.000000 194.853989 187.146011
3607.500000 193.404861 190.089630
3610.000000 192.334152 192.665848
3612.500000 191.784836 194.421387
3615.000000 191.771820 197.117371
3617.500000 192.382324 199.560654
3620.000000 193.628998 201.547089
3622.500000 195.409103 203.448578
3625.000000 197.756668 204.449310
3627.500000 200.329514 204.680573
3630.000000 203.068375 204.155930
3632.500000 205.542908 202.839890
3635.000000 208.025131 201.378174
3637.500000 210.424881 199.575119
3640.000000 213.133377 197.865265
3642.500000 216.146103 196.285843
3645.000000 219.480789 194.643585
3647.500000 223.146042 193.465881
3650.000000 226.909363 192.168121
3652.500000 230.419678 190.748825
3655.000000 234.087296 189.379440
3657.500000 238.108871 187.902847
3660.000000 242.160278 186.722458
3662.500000 246.275513 185.583176
3665.000000 250.223114 184.358353
3667.500000 253.824402 182.692734
3670.000000 257.199646 180.816757
3672.500000 260.117096 179.249908
3675.000000 262.670380 176.660416
3677.500000 264.819427 174.180588
3680.000000 266.641113 172.292572
3682.500000 268.071350 169.928650
3685.000000 269.145874 166.226334
3687.500000 269.834381 164.051865
3690.000000 270.221069 161.413574
3692.500000 270.162903 158.612244
3695.000000 269.701019 156.040497
3697.500000 268.877106 153.521881
3700.000000 267.602203 151.505417
3702.500000 265.833771 149.665848
3705.000000 263.792572 148.522385
3707.500000 261.322998 147.970596
3710.000000 258.797150 148.102814
3712.500000 256.444000 148.439301
3715.000000 254.460098 150.539902
3717.500000 252.863846 152.727783
3720.000000 251.774826 155.225174
3722.500000 250.895035 158.104965
3725.000000 250.006668 161.983994
3727.500000 248.866516 164.148865
3730.000000 247.353821 167.676575
3732.500000 245.463409 171.281326
3735.000000 243.307816 174.692184
3737.500000 240.960037 177.978821
3740.000000 238.400681 181.599319
3742.500000 235.620117 185.085556
3745.000000 232.738235 188.261765
3747.500000 229.987198 191.609756
3750.000000 227.804901 194.873947
3752.500000 226.168640 198.586334
3755.000000 224.899811 201.165237
3757.500000 223.963242 204.247665
3760.000000 223.347519 208.201019
3762.500000 223.087143 211.342194
3765.000000 223.179337 214.519882
3767.500000 223.608597 217.318741
3770.000000 224.352692 220.185242
3772.500000 225.395294 222.666473
3775.000000 226.767334 225.140854
3777.500000 228.343140 227.538071
3780.000000 230.245300 229.398605
3782.500000 232.353058 230.827744
3785.000000 234.715897 231.941772
3787.500000 237.169983 232.072479
3790.000000 239.601974 232.068085
3792.500000 242.018890 231.059143
3795.000000 243.893524 229.394516
3797.500000 245.235489 227.764511
3800.000000 245.867523 224.539642
3802.500000 245.736496 222.148285
3805.000000 245.040344 219.686127
3807.500000 243.995026 216.040329
3810.000000 242.875732 213.580292
3812.500000 241.880554 210.426544
3815.000000 241.082703 207.235489
3817.500000 240.623215 203.367752
3820.000000 240.314911 199.392975
3822.500000 240.042526 195.482224
3825.000000 239.699844 191.398636
3827.500000 239.509506 187.051682
3830.000000 239.545090 182.719513
3832.500000 239.615097 178.500259
3835.000000 239.462830 174.515228
3837.500000 238.966415 170.223465
3840.000000 238.228943 167.061951
3842.500000 237.225204 163.622162
3845.000000 235.915268 160.343628
3847.500000 234.398193 157.624512
3850.000000 232.598022 155.063690
3852.500000 230.554184 152.763885
3855.000000 228.282806 150.885300
3857.500000 225.890732 149.237427
3860.000000 223.449173 147.828796
3862.500000 220.832565 146.989029
3865.000000 218.193726 146.325897
3867.500000 215.655014 146.098541
3870.000000 213.058914 146.513763
3872.500000 210.750381 147.537445
3875.000000 208.689987 148.310013
3877.500000 207.075562 150.888031
3880.000000 206.065659 152.914276
3882.500000 205.791412 155.157104
3885.000000 206.436096 157.317841
3887.500000 207.746384 160.027634
3890.000000 209.682571 162.010971
3892.500000 212.051773 163.818405
3895.000000 214.495178 165.349792
3897.500000 217.215912 167.003342
3900.000000 220.020691 169.397919
3902.500000 222.624207 171.381454
3905.000000 225.311127 174.038193
3907.500000 228.095184 177.032715
3910.000000 230.835739 180.023682
3912.500000 233.578110 183.103043
3915.000000 236.258713 186.654068
3917.500000 239.026154 190.807205
3920.000000 241.446396 193.461594
3922.500000 244.144638 196.530167
3925.000000 247.028839 198.829803
3927.500000 249.933792 200.774887
3930.000000 252.874954 202.722046
3932.500000 255.859192 204.247467
3935.000000 258.889954 205.406387
3937.500000 261.926758 205.902725
3940.000000 264.857056 206.552292
3942.500000 267.735046 206.380493
3945.000000 270.528503 205.608795
3947.500000 273.177063 204.539078
3950.000000 275.603546 203.435669
3952.500000 277.784790 202.215210
3955.000000 279.632751 200.367264
3957.500000 281.052917 198.947083
3960.000000 281.907623 196.012177
3962.500000 282.226440 193.467850
3965.000000 281.724243 191.142960
3967.500000 280.417877 188.726212
3970.000000 278.702179 187.357346
3972.500000 276.258850 186.306366
3975.000000 273.547211 185.867508
3977.500000 270.648682 186.045456
3980.000000 267.616211 186.403183
3982.500000 264.454010 186.729874
3985.000000 260.992004 186.853470
3987.500000 257.381439 186.575317
3990.000000 253.576111 186.005402
3992.500000 249.582489 185.253326
3995.000000 245.528030 184.442062
3997.500000 241.275040 183.476334
4000.000000 237.034790 182.280075
4002.500000 232.883133 181.000046
4005.000000 228.872513 179.918823
4007.500000 225.112671 179.233658
4010.000000 221.495926 178.803970
4012.500000 217.887314 179.118423
4015.000000 214.511276 179.351868
4017.500000 211.236374 180.198227
4020.000000 208.202194 181.220627
4022.500000 205.420822 182.503479
4025.000000 202.786255 183.582077
4027.500000 200.474655 185.525345
4030.000000 198.394211 187.605789
4032.500000 196.609222 189.390778
4035.000000 195.179352 192.745514
4037.500000 194.118454 194.192062
4040.000000 193.566177 197.299255
4042.500000 193.449402 199.550598
4045.000000 194.024216 202.310303
4047.500000 195.043976 204.279556
4050.000000 196.804230 206.000626
4052.500000 198.931046 207.210129
4055.000000 201.329681 207.681564
4057.500000 204.054413 207.358139
4060.000000 206.418930 206.429077
4062.500000 208.726974 204.547791
4065.000000 210.948334 202.644623
4067.500000 213.156052 200.771576
4070.000000 215.625977 198.374023
4072.500000 218.473602 196.526398
4075.000000 221.715912 194.463120
4077.500000 225.206909 192.789673
4080.000000 228.691238 190.757645
4082.500000 232.062180 188.940826
4085.000000 235.702621 186.859375
4087.500000 239.470383 185.321457
4090.000000 243.329575 183.525681
4092.500000 247.123276 181.748428
4095.000000 250.621445 179.596085
4097.500000 253.798248 177.529968
4100.000000 256.630157 175.369858
4102.500000 259.132721 172.867294
4105.000000 261.190033 170.809952
4107.500000 262.872925 167.202972
4110.000000 264.141357 164.875854
4112.500000 265.038635 162.259842
4115.000000 265.577942 159.355087
4117.500000 265.754425 156.391998
4120.000000 265.530853 153.387711
4122.500000 264.918976 151.065109
4125.000000 263.967865 148.680710
4127.500000 262.657684 146.545837
4130.000000 260.867615 144.735764
4132.500000 258.843262 143.575470
4135.000000 256.488220 142.959930
4137.500000 253.894211 142.995239
4140.000000 251.606598 143.596420
4142.500000 249.575851 145.424149
4145.000000 248.024078 147.598450
4147.500000 247.067688 150.691910
4150.000000 246.519302 153.110077
4152.500000 246.131165 156.360794
4155.000000 245.593689 159.270981
4157.500000 244.777084 162.302963
4160.000000 243.602081 166.109879
4162.500000 242.090515 169.881378
4165.000000 240.355713 173.550369
4167.500000 238.497269 177.323929
4170.000000 236.388428 181.258057
4172.500000 234.114029 184.939926
4175.000000 231.744110 188.371231
4177.500000 229.710846 192.289154
4180.000000 228.249893 195.718506
4182.500000 227.237457 199.364319
4185.000000 226.578308 202.590057
4187.500000 226.265930 205.294266
4190.000000 226.267685 209.298019
4192.500000 226.620346 212.299393
4195.000000 227.286118 215.665237
4197.500000 228.261047 218.139038
4200.000000 229.496460 220.610352
4202.500000 231.093445 223.520584
4205.000000 232.884048 225.256393
4207.500000 234.938995 227.059036
4210.000000 237.082443 228.414322
4212.500000 239.366699 229.373047
4215.000000 241.970566 229.768768
4217.500000 244.325882 229.468124
4220.000000 246.659637 228.599380
4222.500000 248.616516 227.383484
4225.000000 250.080643 225.668182
4227.500000 250.794525 222.497391
4230.000000 250.693298 220.103973
4232.500000 249.947144 217.344543
4235.000000 248.653854 214.273453
4237.500000 247.169724 212.744431
4240.000000 245.696548 209.420715
4242.500000 244.292999 206.646759
4245.000000 243.049210 202.810272
4247.500000 242.089706 199.073730
4250.000000 241.318619 195.157166
4252.500000 240.488327 191.323868
4255.000000 239.551376 187.222366
4257.500000 238.810257 182.916443
4260.000000 238.235992 178.447678
4262.500000 237.652740 174.599976
4265.000000 236.768539 170.774429
4267.500000 235.653702 167.123337
4270.000000 234.228745 163.677414
4272.500000 232.670135 160.450546
4275.000000 230.781891 158.001129
4277.500000 228.744659 155.463638
4280.000000 226.488541 153.483185
4282.500000 223.960800 151.622116
4285.000000 221.503845 150.244781
4287.500000 218.839951 149.216232
4290.000000 216.114182 148.455292
4292.500000 213.521469 148.052200
4295.000000 210.838638 148.356583
4297.500000 208.340988 148.631271
4300.000000 205.997070 149.998993
4302.500000 204.026413 151.223755
4305.000000 202.500473 153.499527
4307.500000 201.566956 155.433044
4310.000000 201.453995 157.912247
4312.500000 202.070206 160.481812
4315.000000 203.443558 162.529541
4317.500000 205.428574 164.388397
4320.000000 208.039093 165.776550
4322.500000 210.721512 166.969742
4325.000000 213.496216 168.237259
4327.500000 216.438828 169.697739
4330.000000 219.460754 171.588531
4332.500000 222.529724 173.737518
4335.000000 225.637756 176.354553
4337.500000 228.759018 178.697586
4340.000000 232.040680 181.803558
4342.500000 235.132645 184.811493
4345.000000 238.189575 187.873428
4347.500000 241.180069 190.890106
4350.000000 244.179886 193.481842
4352.500000 247.271332 195.504120
4355.000000 250.419830 197.273148
4357.500000 253.660034 198.699265
4360.000000 256.849609 199.770004
4362.500000 259.998749 200.791916
4365.000000 263.075500 200.730026
4367.500000 266.077667 200.701401
4370.000000 268.996704 200.393768
4372.500000 271.738800 199.565247
4375.000000 274.322693 198.677307
4377.500000 276.673187 197.326797
4380.000000 278.744385 195.255600
4382.500000 280.478333 193.521667
4385.000000 281.774475 191.225540
4387.500000 282.516327 189.271881
4390.000000 282.677582 186.414261
4392.500000 282.098328 184.552185
4395.000000 280.780029 182.048279
4397.500000 278.928009 180.398315
4400.000000 276.632263 179.580582
4402.500000 273.815674 179.469650
4405.000000 270.914124 179.731201
4407.500000 268.025360 180.498886
4410.000000 265.065155 181.310211
4412.500000 261.846100 181.887039
4415.000000 258.335175 182.353516
4417.500000 254.529083 182.480530
4420.000000 250.540619 182.379318
4422.500000 246.483780 182.201752
4425.000000 242.275391 181.801331
4427.500000 237.919052 181.533737
4430.000000 233.611099 180.900345
4432.500000 229.383179 180.323334
4435.000000 225.431732 180.025757
4437.500000 221.673523 180.206940
4440.000000 218.094467 180.523010
4442.500000 214.659729 181.244217
4445.000000 211.488327 182.364716
4447.500000 208.558685 183.441315
4450.000000 205.839432 185.160568
4452.500000 203.404526 187.531372
4455.000000 201.267822 189.643494
4457.500000 199.437973 191.562027
4460.000000 197.908066 193.091934
4462.500000 196.744751 196.255249
4465.000000 195.955688 198.042664
4467.500000 195.646942 201.258987
4470.000000 195.815903 203.358658
4472.500000 196.588516 206.041229
4475.000000 197.887497 208.031677
4477.500000 199.605194 209.706619
4480.000000 202.009384 210.825043
4482.500000 204.359497 211.030472
4485.000000 207.036591 210.501953
4487.500000 209.262848 209.436813
4490.000000 211.333466 207.666534
4492.500000 213.292099 205.545303
4495.000000 215.221481 202.778519
4497.500000 217.373474 200.626526
4500.000000 219.950714 197.843277
4502.500000 222.849670 195.525253
4505.000000 226.044098 193.452637
4507.500000 229.260101 191.269165
4510.000000 232.314545 188.685455
4512.500000 235.781494 186.244354
4515.000000 239.430573 183.739563
4517.500000 243.053391 181.821289
4520.000000 246.459991 179.540009
4522.500000 249.618332 177.320770
4525.000000 252.366348 174.633652
4527.500000 254.867737 171.747681
4530.000000 256.943298 169.056686
4532.500000 258.653687 166.346329
4535.000000 259.959656 163.063431
4537.500000 260.885986 160.207230
4540.000000 261.407532 157.647919
4542.500000 261.570557 154.731812
4545.000000 261.347107 152.025558
4547.500000 260.805725 149.213730
4550.000000 259.887054 146.503098
4552.500000 258.672699 144.465851
4555.000000 256.988861 142.539993
4557.500000 254.974533 141.009399
4560.000000 252.821045 140.010422
4562.500000 250.469772 139.661316
4565.000000 247.892044 140.266678
4567.500000 245.718048 141.685410
4570.000000 243.896957 143.103043
4572.500000 242.748154 145.251846
4575.000000 242.141251 148.486801
4577.500000 242.003540 151.114624
4580.000000 242.005234 154.138809
4582.500000 241.890900 157.103180
4585.000000 241.520126 160.726608
4587.500000 240.817276 164.240784
4590.000000 239.809433 168.191589
4592.500000 238.613083 172.092865
4595.000000 237.342422 176.073471
4597.500000 235.844238 180.162308
4600.000000 234.160736 184.553787
4602.500000 232.336899 188.418732
4605.000000 230.783493 192.108765
4607.500000 229.749588 195.541748
4610.000000 229.168808 199.500687
4612.500000 228.966873 202.224304
4615.000000 229.072159 206.519791
4617.500000 229.489929 209.366150
4620.000000 230.252945 212.636963
4622.500000 231.302414 215.627457
4625.000000 232.672302 217.610031
4627.500000 234.229126 220.564209
4630.000000 236.099030 222.670105
4632.500000 238.126495 224.479828
4635.000000 240.311783 225.943893
4637.500000 242.715973 227.000854
4640.000000 245.177383 227.447495
4642.500000 247.669754 227.634827
4645.000000 250.116241 227.032562
4647.500000 252.237030 226.020386
4650.000000 254.018753 224.235870
4652.500000 255.125336 221.874664
4655.000000 255.493683 219.551666
4657.500000 255.004150 216.843857
4660.000000 253.877640 214.187820
4662.500000 252.218796 211.765930
4665.000000 250.461151 209.548431
4667.500000 248.555740 206.557190
4670.000000 246.754333 204.001495
4672.500000 245.078293 200.723846
4675.000000 243.678329 197.017929
4677.500000 242.322586 193.239746
4680.000000 240.908966 189.221039
4682.500000 239.558472 185.433548
4685.000000 238.317032 181.272873
4687.500000 237.154221 177.077484
4690.000000 235.959335 173.025986
4692.500000 234.650909 169.642502
4695.000000 232.921478 166.054886
4697.500000 231.018692 163.132324
4700.000000 228.978821 160.234100
4702.500000 226.831848 157.669907
4705.000000 224.462341 155.831970
4707.500000 221.876312 154.169449
4710.000000 219.227814 152.778946
4712.500000 216.549393 151.746246
4715.000000 213.778305 151.201355
4717.500000 210.961441 150.996841
4720.000000 208.365540 151.012344
4722.500000 205.767441 151.453156
4725.000000 203.438278 152.561722
4727.500000 201.354370 153.580673
4730.000000 199.695572 155.304428
4732.500000 198.588257 157.782410
4735.000000 198.160019 160.720566
4737.500000 198.625748 162.925751
4740.000000 199.775345 165.036194
4742.500000 201.663376 166.990417
4745.000000 204.024841 168.345795
4747.500000 206.697830 169.302353
4750.000000 209.608368 170.163635
4752.500000 212.642960 171.112976
4755.000000 215.853119 172.351181
4757.500000 219.105148 173.997803
4760.000000 222.375748 175.988113
4762.500000 225.837784 178.055084
4765.000000 229.215057 180.436050
4767.500000 232.841019 182.522125
4770.000000 236.253250 185.474792
4772.500000 239.629593 187.727951
4775.000000 243.025787 190.440506
4777.500000 246.265366 192.440460
4780.000000 249.548035 193.974670
4782.500000 253.018219 195.227448
4785.000000 256.273987 196.034363
4787.500000 259.551147 196.673508
4790.000000 262.734497 196.784592
4792.500000 265.788971 196.628098
4795.000000 268.747101 196.547348
4797.500000 271.536957 195.463043
4800.000000 274.166321 194.366760
4802.500000 276.522430 192.477554
4805.000000 278.632172 190.499329
4807.500000 280.388062 189.545181
4810.000000 281.737640 186.322586
4812.500000 282.636078 184.363937
4815.000000 282.855194 182.006348
4817.500000 282.584564 179.503128
4820.000000 281.544464 177.460602
4822.500000 279.836487 175.467438
4825.000000 277.668243 174.426758
4827.500000 274.906708 173.999893
4830.000000 272.210388 174.293915
4832.500000 269.524445 175.214569
4835.000000 266.743835 176.260361
4837.500000 263.836823 177.423904
4840.000000 260.676514 178.487869
4842.500000 257.162384 179.363541
4845.000000 253.338303 179.691299
4847.500000 249.384476 180.338440
4850.000000 245.322937 180.716064
4852.500000 241.030304 181.091263
4855.000000 236.700012 181.261658
4857.500000 232.320923 181.159927
4860.000000 228.095718 181.157364
4862.500000 224.247574 181.413116
4865.000000 220.519608 182.196732
4867.500000 217.010590 183.080658
4870.000000 213.836060 184.217270
4872.500000 210.859985 185.605789
4875.000000 208.232727 187.687927
4877.500000 205.862885 189.160126
4880.000000 203.796097 191.203903
4882.500000 202.058014 194.583801
4885.000000 200.639297 196.360703
4887.500000 199.607193 199.254776
4890.000000 198.921051 201.111465
4892.500000 198.687546 204.222443
4895.000000 198.937958 206.303833
4897.500000 199.690002 209.073151
4900.000000 200.916092 211.055740
4902.500000 202.723022 212.851486
4905.000000 204.965332 214.097534
4907.500000 207.259491 214.458160
4910.000000 209.987274 213.934280
4912.500000 212.163269 212.820053
4915.000000 214.167297 210.832703
4917.500000 215.880539 208.440948
4920.000000 217.520050 205.913849
4922.500000 219.238724 203.761276
4925.000000 221.318298 200.681702
4927.500000 223.860382 197.843628
4930.000000 226.639694 195.360306
4932.500000 229.580612 192.486664
4935.000000 232.480408 190.247162
4937.500000 235.495789 187.504211
4940.000000 238.762665 184.438553
4942.500000 242.200958 181.799042
4945.000000 245.424088 179.575912
4947.500000 248.238235 176.761765
4950.000000 250.742264 173.388290
4952.500000 252.931458 170.681335
4955.000000 254.772293 167.520370
4957.500000 256.236298 164.779083
4960.000000 257.326965 161.763428
4962.500000 258.029053 158.784286
4965.000000 258.361328 155.244385
4967.500000 258.331635 152.470032
4970.000000 257.937195 150.023483
4972.500000 257.254120 147.658035
4975.000000 256.159698 144.872314
4977.500000 254.825500 142.494308
4980.000000 253.067490 140.800720
4982.500000 251.081299 139.257141
4985.000000 248.867722 138.289749
4987.500000 246.501495 137.940796
4990.000000 243.935242 138.760651
4992.500000 241.765915 139.750580
4995.000000 239.949738 141.107620
4997.500000 238.819962 143.180038
