# S1-S2 restitution for CRN98 icl cell. Adaptive step
# step: step in S2 interval
# delta: Difference in S2 APD from previous S2.
# d/dt: rate of change of S2 APD
#     S2 S1 APD50       DI S2 APD50    Vpeak     step    delta     d/dt
    1050   157.97  892.035  158.725  24.9532       50     0.76   0.0152
    1000   157.97  842.035  157.825  24.9434       50      0.9    0.018
     975   157.97  817.035   157.29  24.9451       25    0.535   0.0214
     950   157.97  792.035   156.72  24.9336       25     0.57   0.0228
     925   157.97  767.035  156.055  24.9355       25    0.665   0.0266
     900   157.97  742.035  155.305  24.9373       25     0.75     0.03
     875   157.97  717.035  154.485  24.9258       25     0.82   0.0328
     850   157.97  692.035   153.52  24.9277       25    0.965   0.0386
   837.5   157.97  679.535  152.985  24.9283     12.5    0.535   0.0428
     825   157.97  667.035  152.435  24.9157     12.5     0.55    0.044
   812.5   157.97  654.535   151.82  24.9166     12.5    0.615   0.0492
     800   157.97  642.035  151.155  24.9172     12.5    0.665   0.0532
   787.5   157.97  629.535   150.44  24.9173     12.5    0.715   0.0572
     775   157.97  617.035   149.69  24.9045     12.5     0.75     0.06
   762.5   157.97  604.535   148.85  24.9047     12.5     0.84   0.0672
     750   157.97  592.035   147.94  24.9043     12.5     0.91   0.0728
   737.5   157.97  579.535  146.975  24.8907     12.5    0.965   0.0772
  731.25   157.97  573.285   146.45  24.8904     6.25    0.525    0.084
     725   157.97  567.035  145.895    24.89     6.25    0.555   0.0888
  718.75   157.97  560.785   145.32  24.8893     6.25    0.575    0.092
   712.5   157.97  554.535   144.72  24.8885     6.25      0.6    0.096
  706.25   157.97  548.285   144.09  24.8874     6.25     0.63   0.1008
     700   157.97  542.035   143.46  24.8735     6.25     0.63   0.1008
  693.75   157.97  535.785   142.77  24.8724     6.25     0.69   0.1104
   687.5   157.97  529.535   142.05  24.8708     6.25     0.72   0.1152
  681.25   157.97  523.285    141.3  24.8691     6.25     0.75     0.12
     675   157.97  517.035  140.535  24.8541     6.25    0.765   0.1224
  668.75   157.97  510.785   139.71   24.852     6.25    0.825    0.132
   662.5   157.97  504.535  138.845  24.8495     6.25    0.865   0.1384
  656.25   157.97  498.285   137.94  24.8466     6.25    0.905   0.1448
     650   157.97  492.035  136.995  24.8432     6.25    0.945   0.1512
  643.75   157.97  485.785   136.03  24.8265     6.25    0.965   0.1544
 640.625   157.97   482.66  135.515  24.8245    3.125    0.515   0.1648
   637.5   157.97  479.535   134.99  24.8223    3.125    0.525    0.168
 634.375   157.97   476.41  134.455    24.82    3.125    0.535   0.1712
  631.25   157.97  473.285  133.905  24.8174    3.125     0.55    0.176
 628.125   157.97   470.16  133.345  24.8146    3.125     0.56   0.1792
     625   157.97  467.035    132.8  24.7986    3.125    0.545   0.1744
 621.875   157.97   463.91  132.215  24.7957    3.125    0.585   0.1872
  618.75   157.97  460.785  131.615  24.7925    3.125      0.6    0.192
 615.625   157.97   457.66      131   24.789    3.125    0.615   0.1968
   612.5   157.97  454.535  130.375  24.7854    3.125    0.625      0.2
 609.375   157.97   451.41   129.73  24.7814    3.125    0.645   0.2064
  606.25   157.97  448.285   129.08  24.7771    3.125     0.65    0.208
 603.125   157.97   445.16   128.44  24.7594    3.125     0.64   0.2048
     600   157.97  442.035  127.755  24.7547    3.125    0.685   0.2192
 596.875   157.97   438.91   127.06  24.7497    3.125    0.695   0.2224
  593.75   157.97  435.785   126.35  24.7442    3.125     0.71   0.2272
 590.625   157.97   432.66  125.625  24.7384    3.125    0.725    0.232
   587.5   157.97  429.535  124.885  24.7321    3.125     0.74   0.2368
 584.375   157.97   426.41   124.13  24.7253    3.125    0.755   0.2416
  581.25   157.97  423.285   123.39  24.7052    3.125     0.74   0.2368
 578.125   157.97   420.16  122.605  24.6977    3.125    0.785   0.2512
     575   157.97  417.035  121.805  24.6896    3.125      0.8    0.256
 571.875   157.97   413.91  120.995  24.6809    3.125     0.81   0.2592
  568.75   157.97  410.785  120.165  24.6716    3.125     0.83   0.2656
 565.625   157.97   407.66   119.32  24.6615    3.125    0.845   0.2704
   562.5   157.97  404.535  118.495   24.638    3.125    0.825    0.264
 559.375   157.97   401.41  117.625  24.6267    3.125     0.87   0.2784
  556.25   157.97  398.285  116.735  24.6146    3.125     0.89   0.2848
 553.125   157.97   395.16  115.835  24.6017    3.125      0.9    0.288
     550   157.97  392.035  114.925  24.5877    3.125     0.91   0.2912
 546.875   157.97   388.91  114.025  24.5598    3.125      0.9    0.288
  543.75   157.97  385.785  113.085  24.5441    3.125     0.94   0.3008
 540.625   157.97   382.66  112.135  24.5271    3.125     0.95    0.304
   537.5   157.97  379.535  111.165   24.509    3.125     0.97   0.3104
 534.375   157.97   376.41   110.19  24.4894    3.125    0.975    0.312
  531.25   157.97  373.285   109.23  24.4556    3.125     0.96   0.3072
 528.125   157.97   370.16   108.23  24.4335    3.125        1     0.32
 526.562   157.97  368.595  107.725  24.4218   1.5625    0.505   0.3232
     525   157.97  367.035   107.22  24.4097   1.5625    0.505   0.3232
 523.438   157.97   365.47   106.71  24.3971   1.5625     0.51   0.3264
 521.875   157.97   363.91    106.2  24.3841   1.5625     0.51   0.3264
 520.312   157.97  362.345  105.685  24.3706   1.5625    0.515   0.3296
  518.75   157.97  360.785   105.17  24.3567   1.5625    0.515   0.3296
 517.188   157.97   359.22   104.65  24.3422   1.5625     0.52   0.3328
 515.625   157.97   357.66  104.165  24.3145   1.5625    0.485   0.3104
 514.062   157.97  356.095   103.64  24.2992   1.5625    0.525    0.336
   512.5   157.97  354.535  103.115  24.2834   1.5625    0.525    0.336
 510.938   157.97   352.97   102.59  24.2669   1.5625    0.525    0.336
 509.375   157.97   351.41  102.065  24.2499   1.5625    0.525    0.336
 507.812   157.97  349.845  101.535  24.2322   1.5625     0.53   0.3392
  506.25   157.97  348.285  101.005  24.2139   1.5625     0.53   0.3392
 504.688   157.97   346.72  100.475  24.1949   1.5625     0.53   0.3392
 503.125   157.97   345.16    99.94  24.1753   1.5625    0.535   0.3424
 501.562   157.97  343.595    99.44  24.1422   1.5625      0.5     0.32
     500   157.97  342.035   98.905  24.1214   1.5625    0.535   0.3424
 498.438   157.97   340.47    98.37  24.0998   1.5625    0.535   0.3424
 496.875   157.97   338.91    97.83  24.0776   1.5625     0.54   0.3456
 495.312   157.97  337.345   97.295  24.0544   1.5625    0.535   0.3424
  493.75   157.97  335.785    96.76  24.0304   1.5625    0.535   0.3424
 492.188   157.97   334.22    96.22  24.0055   1.5625     0.54   0.3456
 490.625   157.97   332.66   95.685  23.9798   1.5625    0.535   0.3424
 489.062   157.97  331.095   95.145  23.9531   1.5625     0.54   0.3456
   487.5   157.97  329.535    94.64  23.9128   1.5625    0.505   0.3232
 485.938   157.97   327.97   94.105  23.8844   1.5625    0.535   0.3424
 484.375   157.97   326.41    93.57  23.8551   1.5625    0.535   0.3424
 482.812   157.97  324.845    93.03  23.8246   1.5625     0.54   0.3456
  481.25   157.97  323.285   92.495  23.7932   1.5625    0.535   0.3424
 479.688   157.97   321.72    91.96  23.7606   1.5625    0.535   0.3424
 478.125   157.97   320.16    91.43  23.7269   1.5625     0.53   0.3392
 476.562   157.97  318.595     90.9  23.6919   1.5625     0.53   0.3392
     475   157.97  317.035     90.4  23.6429   1.5625      0.5     0.32
 473.438   157.97   315.47    89.87  23.6056   1.5625     0.53   0.3392
 471.875   157.97   313.91   89.345  23.5672   1.5625    0.525    0.336
 470.312   157.97  312.345    88.82  23.5272   1.5625    0.525    0.336
  468.75   157.97  310.785     88.3   23.486   1.5625     0.52   0.3328
 467.188   157.97   309.22    87.78  23.4431   1.5625     0.52   0.3328
 465.625   157.97   307.66    87.26  23.3989   1.5625     0.52   0.3328
 464.062   157.97  306.095   86.745   23.353   1.5625    0.515   0.3296
   462.5   157.97  304.535   86.235  23.3056   1.5625     0.51   0.3264
 460.938   157.97   302.97    85.76  23.2439   1.5625    0.475    0.304
 459.375   157.97   301.41   85.255  23.1934   1.5625    0.505   0.3232
 457.812   157.97  299.845    84.75   23.141   1.5625    0.505   0.3232
  456.25   157.97  298.285   84.255  23.0869   1.5625    0.495   0.3168
 454.688   157.97   296.72    83.76  23.0307   1.5625    0.495   0.3168
 453.125   157.97   295.16    83.27  22.9728   1.5625     0.49   0.3136
 451.562   157.97  293.595   82.785  22.9126   1.5625    0.485   0.3104
     450   157.97  292.035   82.305  22.8506   1.5625     0.48   0.3072
 448.438   157.97   290.47    81.86  22.7737   1.5625    0.445   0.2848
 446.875   157.97   288.91    81.39  22.7075   1.5625     0.47   0.3008
 445.312   157.97  287.345   80.925  22.6389   1.5625    0.465   0.2976
  443.75   157.97  285.785   80.465  22.5681   1.5625     0.46   0.2944
 442.188   157.97   284.22    80.01  22.4945   1.5625    0.455   0.2912
 440.625   157.97   282.66    79.56  22.4187   1.5625     0.45    0.288
 439.062   157.97  281.095    79.12    22.34   1.5625     0.44   0.2816
   437.5   157.97  279.535    78.68  22.2589   1.5625     0.44   0.2816
 435.938   157.97   277.97    78.28  22.1623   1.5625      0.4    0.256
 434.375   157.97   276.41    77.86  22.0757   1.5625     0.42   0.2688
 432.812   157.97  274.845    77.44  21.9859   1.5625     0.42   0.2688
  431.25   157.97  273.285   77.035  21.8933   1.5625    0.405   0.2592
 429.688   157.97   271.72    76.63  21.7971   1.5625    0.405   0.2592
 428.125   157.97   270.16    76.24   21.698   1.5625     0.39   0.2496
 426.562   157.97  268.595    75.85  21.5952   1.5625     0.39   0.2496
     425   157.97  267.035   75.475  21.4891   1.5625    0.375     0.24
 423.438   157.97   265.47   75.135  21.3669   1.5625     0.34   0.2176
 421.875   157.97   263.91    74.77  21.2537   1.5625    0.365   0.2336
 420.312   157.97  262.345    74.42  21.1363   1.5625     0.35    0.224
  418.75   157.97  260.785   74.075  21.0152   1.5625    0.345   0.2208
 417.188   157.97   259.22    73.74  20.8897   1.5625    0.335   0.2144
 415.625   157.97   257.66   73.415  20.7602   1.5625    0.325    0.208
 414.062   157.97  256.095     73.1  20.6259   1.5625    0.315   0.2016
   412.5   157.97  254.535   72.825  20.4752   1.5625    0.275    0.176
 410.938   157.97   252.97   72.525  20.3318   1.5625      0.3    0.192
 409.375   157.97   251.41   72.245   20.184   1.5625     0.28   0.1792
 407.812   157.97  249.845    71.97  20.0307   1.5625    0.275    0.176
  406.25   157.97  248.285   71.705  19.8727   1.5625    0.265   0.1696
 404.688   157.97   246.72    71.45  19.7087   1.5625    0.255   0.1632
 403.125   157.97   245.16    71.21  19.5396   1.5625     0.24   0.1536
 401.562   157.97  243.595    71.01   19.352   1.5625      0.2    0.128
     400   157.97  242.035   70.795  19.1716   1.5625    0.215   0.1376
 398.438   157.97   240.47   70.585  18.9844   1.5625     0.21   0.1344
 396.875   157.97   238.91   70.395  18.7914   1.5625     0.19   0.1216
 395.312   157.97  237.345   70.215  18.5911   1.5625     0.18   0.1152
  393.75   157.97  235.785    70.05  18.3848   1.5625    0.165   0.1056
 392.188   157.97   234.22   69.895  18.1707   1.5625    0.155   0.0992
 390.625   157.97   232.66    69.78  17.9379   1.5625    0.115   0.0736
 389.062   157.97  231.095   69.655  17.7094   1.5625    0.125     0.08
   387.5   157.97  229.535   69.545  17.4737   1.5625     0.11   0.0704
 385.938   157.97   227.97   69.445  17.2292   1.5625      0.1    0.064
 382.812   157.97  224.845   69.295  16.7158    3.125     0.15    0.048
 379.688   157.97   221.72    69.23  16.1554    3.125    0.065   0.0208
 373.438   157.97   215.47    69.25  14.9432     6.25    -0.02  -0.0032
 360.938   157.97   202.97   70.165  11.9647     12.5   -0.915  -0.0732
 354.688   157.97   196.72    71.07  10.1694     6.25   -0.905  -0.1448
 351.562   157.97  193.595    71.62  9.19229    3.125    -0.55   -0.176
 348.438   157.97   190.47    72.26  8.14539    3.125    -0.64  -0.2048
 345.312   157.97  187.345    72.95  7.04845    3.125    -0.69  -0.2208
 342.188   157.97   184.22   73.715  5.88008    3.125   -0.765  -0.2448
 339.062   157.97  181.095    74.51  4.66009    3.125   -0.795  -0.2544
 335.938   157.97   177.97    75.36  3.37003    3.125    -0.85   -0.272
 332.812   157.97  174.845   76.225  2.02133    3.125   -0.865  -0.2768
 329.688   157.97   171.72    77.08 0.616941    3.125   -0.855  -0.2736
 326.562   157.97  168.595   77.905 -0.838827    3.125   -0.825   -0.264
 323.438   157.97   165.47    78.66 -2.34042    3.125   -0.755  -0.2416
 320.312   157.97  162.345     79.3  -3.8808    3.125    -0.64  -0.2048
 317.188   157.97   159.22   79.795 -5.45867    3.125   -0.495  -0.1584
 314.062   157.97  156.095    80.08 -7.04838    3.125   -0.285  -0.0912
 310.938   157.97   152.97   80.115 -8.65195    3.125   -0.035  -0.0112
 304.688   157.97   146.72    79.84  -11.823     6.25    0.275    0.044
 301.562   157.97  143.595    79.51 -13.3522    3.125     0.33   0.1056
 300.781   157.97  142.815   78.885 -13.7199  0.78125    0.625      0.8
     300   157.97  142.035   78.255 -14.0884  0.78125     0.63   0.8064
 299.219   157.97   141.25   77.625  -14.454  0.78125     0.63   0.8064
 298.438   157.97   140.47       77 -14.8117  0.78125    0.625      0.8
 297.656   157.97   139.69   76.375 -15.1635  0.78125    0.625      0.8
 296.875   157.97   138.91    75.76 -15.5041  0.78125    0.615   0.7872
 296.094   157.97  138.125    75.14 -15.8449  0.78125     0.62   0.7936
 295.312   157.97  137.345   74.525 -16.1764  0.78125    0.615   0.7872
 294.531   157.97  136.565   73.915 -16.5002  0.78125     0.61   0.7808
  293.75   157.97  135.785   73.315  -16.816  0.78125      0.6    0.768
 292.969   157.97      135   72.715 -17.1252  0.78125      0.6    0.768
 292.188   157.97   134.22    72.12 -17.4236  0.78125    0.595   0.7616
 291.406   157.97   133.44    71.54 -17.7127  0.78125     0.58   0.7424
 290.625   157.97   132.66   70.965 -17.9922  0.78125    0.575    0.736
 289.844   157.97  131.875   70.395 -18.2633  0.78125     0.57   0.7296
 289.062   157.97  131.095    69.84 -18.5223  0.78125    0.555   0.7104
 288.281   157.97  130.315    69.29  -18.774  0.78125     0.55    0.704
   287.5   157.97  129.535   68.755 -19.0111  0.78125    0.535   0.6848
 286.719   157.97   128.75   68.225 -19.2383  0.78125     0.53   0.6784
 285.938   157.97   127.97   67.715 -19.4525  0.78125     0.51   0.6528
 285.156   157.97   127.19   67.215 -19.6548  0.78125      0.5     0.64
 284.375   157.97   126.41   66.725  -19.848  0.78125     0.49   0.6272
 283.594   157.97  125.625    66.25 -20.0271  0.78125    0.475    0.608
 282.812   157.97  124.845    65.79 -20.1927  0.78125     0.46   0.5888
 282.031   157.97  124.065    65.34 -20.3484  0.78125     0.45    0.576
  281.25   157.97  123.285    64.91 -20.4889  0.78125     0.43   0.5504
 280.469   157.97    122.5   64.485 -20.6199  0.78125    0.425    0.544
 279.688   157.97   121.72   64.085 -20.7351  0.78125      0.4    0.512
 278.906   157.97   120.94   63.695 -20.8378  0.78125     0.39   0.4992
 278.125   157.97   120.16    63.32 -20.9299  0.78125    0.375     0.48
 277.344   157.97  119.375    62.96  -21.008  0.78125     0.36   0.4608
 276.562   157.97  118.595    62.61  -21.075  0.78125     0.35    0.448
 275.781   157.97  117.815    62.28 -21.1297  0.78125     0.33   0.4224
     275   157.97  117.035   61.965 -21.1706  0.78125    0.315   0.4032
 274.219   157.97   116.25    61.66 -21.2013  0.78125    0.305   0.3904
 273.438   157.97   115.47    61.37 -21.2201  0.78125     0.29   0.3712
 272.656   157.97   114.69     61.1 -21.2259  0.78125     0.27   0.3456
 271.875   157.97   113.91    60.84 -21.2218  0.78125     0.26   0.3328
 271.094   157.97  113.125    60.59 -21.2065  0.78125     0.25     0.32
 270.312   157.97  112.345    60.36 -21.1794  0.78125     0.23   0.2944
 269.531   157.97  111.565    60.14 -21.1429  0.78125     0.22   0.2816
  268.75   157.97  110.785   59.935 -21.0963  0.78125    0.205   0.2624
 267.969   157.97      110    59.74 -21.0393  0.78125    0.195   0.2496
 267.188   157.97   109.22   59.555  -20.973  0.78125    0.185   0.2368
 266.406   157.97   108.44    59.39 -20.8966  0.78125    0.165   0.2112
 265.625   157.97   107.66   59.235  -20.812  0.78125    0.155   0.1984
 264.844   157.97  106.875   59.085 -20.7181  0.78125     0.15    0.192
 264.062   157.97  106.095   58.955 -20.6164  0.78125     0.13   0.1664
 263.281   157.97  105.315    58.83 -20.5065  0.78125    0.125     0.16
   262.5   157.97  104.535    58.72 -20.3888  0.78125     0.11   0.1408
 261.719   157.97   103.75   58.615 -20.2627  0.78125    0.105   0.1344
 260.938   157.97   102.97   58.525 -20.1302  0.78125     0.09   0.1152
 259.375   157.97   101.41   58.375 -19.8442   1.5625     0.15    0.096
 257.812   157.97   99.845   58.255 -19.5308   1.5625     0.12   0.0768
  256.25   157.97   98.285    58.18 -19.1997   1.5625    0.075    0.048
 253.125   157.97    95.16    58.15 -18.4941    3.125     0.03   0.0096
 246.875   157.97    88.91    58.49 -16.9381     6.25    -0.34  -0.0544
 240.625   157.97    82.66   59.155 -15.2308     6.25   -0.665  -0.1064
 234.375   157.97    76.41   59.895 -13.4109     6.25    -0.74  -0.1184
 228.125   157.97    70.16   60.425 -11.5053     6.25    -0.53  -0.0848
 221.875   157.97    63.91    60.42 -9.53241     6.25    0.005   0.0008
 215.625   157.97    57.66    59.63  -7.5048     6.25     0.79   0.1264
 214.062   157.97   56.095    59.29 -6.98972   1.5625     0.34   0.2176
 213.867   157.97     55.9    59.24 -6.92535 0.195312     0.05    0.256
 213.861   157.97   55.895    59.24  -6.9237     0.01        0        0
 213.862   157.97   55.895    59.24  -6.9237     0.01        0        0
 213.859   157.97    55.89     58.3 -6.92204     0.01     0.94       94
 213.849   157.97    55.88    58.16 -6.91874     0.01     0.14       14
 213.839   157.97    55.87    58.08 -6.91544     0.01     0.08        8
 213.826   157.97    55.86    58.02 -6.91214 0.0130518     0.06  4.59708
 213.807   157.97    55.84    57.93 -6.90553 0.0191553     0.09  4.69845
 213.775   157.97    55.81    57.83 -6.89562 0.0313623      0.1  3.18854
  213.72   157.97    55.75   57.675 -6.87581 0.0557764    0.155  2.77895
 213.664   157.97   55.695   57.565 -6.85763 0.0557764     0.11  1.97216
 213.608   157.97    55.64   57.465 -6.83946 0.0557764      0.1  1.79287
 213.503   157.97   55.535     57.3 -6.80475 0.104604    0.165  1.57737
 213.399   157.97    55.43   57.155 -6.77003 0.104604    0.145  1.38617
 213.294   157.97   55.325    57.02  -6.7353 0.104604    0.135  1.29058
  213.19   157.97    55.22     56.9 -6.70056 0.104604     0.12  1.14718
 213.085   157.97   55.115    56.78 -6.66581 0.104604     0.12  1.14718
  212.98   157.97   55.015   56.675  -6.6327 0.104604    0.105  1.00378
 212.876   157.97    54.91    56.57 -6.59793 0.104604    0.105  1.00378
 212.771   157.97   54.805   56.465 -6.56314 0.104604    0.105  1.00378
 212.667   157.97     54.7   56.365 -6.52834 0.104604      0.1 0.955982
 212.464   157.97   54.495   56.175 -6.46037 0.202261     0.19 0.939382
 212.262   157.97   54.295       56 -6.39401 0.202261    0.175  0.86522
  212.06   157.97    54.09   55.825 -6.32595 0.202261    0.175  0.86522
 211.857   157.97    53.89   55.655 -6.25952 0.202261     0.17 0.840499
 211.655   157.97    53.69   55.495 -6.19304 0.202261     0.16 0.791058
 211.453   157.97   53.485    55.33 -6.12486 0.202261    0.165 0.815779
 211.251   157.97   53.285   55.175  -6.0583 0.202261    0.155 0.766338
 211.048   157.97    53.08    55.02 -5.99004 0.202261    0.155 0.766338
 210.846   157.97    52.88    54.87  -5.9234 0.202261     0.15 0.741617
 210.644   157.97   52.675   54.715 -5.85506 0.202261    0.155 0.766338
 210.442   157.97   52.475   54.565 -5.78835 0.202261     0.15 0.741617
 210.239   157.97    52.27    54.42 -5.71993 0.202261    0.145 0.716896
 210.037   157.97    52.07   54.275 -5.65314 0.202261    0.145 0.716896
 209.835   157.97   51.865   54.125 -5.58464 0.202261     0.15 0.741617
 209.633   157.97   51.665   53.985 -5.51778 0.202261     0.14 0.692176
  209.43   157.97   51.465   53.845 -5.45088 0.202261     0.14 0.692176
 209.228   157.97    51.26     53.7 -5.38227 0.202261    0.145 0.716896
 209.026   157.97    51.06    53.56  -5.3153 0.202261     0.14 0.692176
 208.824   157.97   50.855    53.42 -5.24662 0.202261     0.14 0.692176
 208.621   157.97   50.655    53.28 -5.17958 0.202261     0.14 0.692176
 208.419   157.97    50.45    53.14 -5.11082 0.202261     0.14 0.692176
 208.217   157.97    50.25   53.005 -5.04371 0.202261    0.135 0.667455
 208.015   157.97   50.045   52.865 -4.97489 0.202261     0.14 0.692176
 207.812   157.97   49.845    52.73 -4.90771 0.202261    0.135 0.667455
  207.61   157.97   49.645   52.595  -4.8405 0.202261    0.135 0.667455
 207.408   157.97    49.44   52.455 -4.77157 0.202261     0.14 0.692176
 207.205   157.97    49.24    52.32 -4.70429 0.202261    0.135 0.667455
 207.003   157.97   49.035   52.185  -4.6353 0.202261    0.135 0.667455
 206.801   157.97   48.835    52.05 -4.56796 0.202261    0.135 0.667455
 206.599   157.97    48.63   51.915  -4.4989 0.202261    0.135 0.667455
 206.396   157.97    48.43    51.78 -4.43149 0.202261    0.135 0.667455
 206.194   157.97   48.225   51.645 -4.36237 0.202261    0.135 0.667455
 205.992   157.97   48.025   51.515  -4.2949 0.202261     0.13 0.642735
  205.79   157.97    47.82    51.38 -4.22572 0.202261    0.135 0.667455
 205.587   157.97    47.62   51.245 -4.15819 0.202261    0.135 0.667455
 205.385   157.97    47.42   51.115 -4.09064 0.202261     0.13 0.642735
 205.183   157.97   47.215    50.98 -4.02137 0.202261    0.135 0.667455
 204.981   157.97   47.015    50.85 -3.95375 0.202261     0.13 0.642735
 204.778   157.97    46.81   50.715 -3.88442 0.202261    0.135 0.667455
 204.576   157.97    46.61    50.58 -3.81675 0.202261    0.135 0.667455
 204.374   157.97   46.405    50.45 -3.74737 0.202261     0.13 0.642735
 204.172   157.97   46.205   50.315 -3.67965 0.202261    0.135 0.667455
 203.969   157.97       46   50.185  -3.6102 0.202261     0.13 0.642735
 203.767   157.97     45.8    50.05 -3.54243 0.202261    0.135 0.667455
 203.565   157.97   45.595    49.92 -3.47293 0.202261     0.13 0.642735
 203.363   157.97   45.395    49.79 -3.40511 0.202261     0.13 0.642735
  203.16   157.97   45.195    49.66 -3.33726 0.202261     0.13 0.642735
 202.958   157.97    44.99   49.525 -3.26769 0.202261    0.135 0.667455
 202.756   157.97    44.79   49.395 -3.19979 0.202261     0.13 0.642735
 202.554   157.97   44.585    49.26 -3.13017 0.202261    0.135 0.667455
 202.351   157.97   44.385    49.13 -3.06223 0.202261     0.13 0.642735
 202.149   157.97    44.18   48.995 -2.99257 0.202261    0.135 0.667455
 201.947   157.97    43.98   48.865 -2.92458 0.202261     0.13 0.642735
 201.744   157.97   43.775   48.735 -2.85487 0.202261     0.13 0.642735
 201.542   157.97   43.575   48.605 -2.78684 0.202261     0.13 0.642735
  201.34   157.97    43.37    48.47 -2.71708 0.202261    0.135 0.667455
 201.138   157.97    43.17    48.34 -2.64901 0.202261     0.13 0.642735
 200.935   157.97    42.97    48.21 -2.58092 0.202261     0.13 0.642735
 200.733   157.97   42.765    48.08 -2.51111 0.202261     0.13 0.642735
 200.531   157.97   42.565    47.95 -2.44298 0.202261     0.13 0.642735
 200.329   157.97    42.36   47.815 -2.37312 0.202261    0.135 0.667455
 200.126   157.97    42.16   47.685 -2.30496 0.202261     0.13 0.642735
 199.924   157.97   41.955    47.55 -2.23507 0.202261    0.135 0.667455
 199.722   157.97   41.755   47.425 -2.16687 0.202261    0.125 0.618014
  199.52   157.97    41.55    47.29 -2.09695 0.202261    0.135 0.667455
 199.317   157.97    41.35    47.16 -2.02871 0.202261     0.13 0.642735
 199.115   157.97    41.15    47.03 -1.96046 0.202261     0.13 0.642735
 198.913   157.97   40.945   46.895 -1.89049 0.202261    0.135 0.667455
 198.711   157.97   40.745    46.77 -1.82222 0.202261    0.125 0.618014
 198.508   157.97    40.54   46.635 -1.75222 0.202261    0.135 0.667455
 198.306   157.97    40.34   46.505 -1.68391 0.202261     0.13 0.642735
 198.104   157.97   40.135    46.37 -1.61389 0.202261    0.135 0.667455
 197.902   157.97   39.935    46.24 -1.54555 0.202261     0.13 0.642735
 197.699   157.97    39.73    46.11  -1.4755 0.202261     0.13 0.642735
 197.497   157.97    39.53    45.98 -1.40715 0.202261     0.13 0.642735
 197.295   157.97   39.325   45.845 -1.33707 0.202261    0.135 0.667455
 197.092   157.97   39.125   45.715  -1.2687 0.202261     0.13 0.642735
  196.89   157.97   38.925    45.59 -1.20031 0.202261    0.125 0.618014
 196.688   157.97    38.72   45.455 -1.13021 0.202261    0.135 0.667455
 196.486   157.97    38.52   45.325  -1.0618 0.202261     0.13 0.642735
 196.283   157.97   38.315    45.19 -0.991682 0.202261    0.135 0.667455
 196.081   157.97   38.115   45.065 -0.923263 0.202261    0.125 0.618014
 195.879   157.97    37.91    44.93 -0.853126 0.202261    0.135 0.667455
 195.677   157.97    37.71     44.8 -0.784693 0.202261     0.13 0.642735
 195.474   157.97   37.505   44.665 -0.714544 0.202261    0.135 0.667455
 195.272   157.97   37.305    44.54 -0.646101 0.202261    0.125 0.618014
  195.07   157.97     37.1   44.405 -0.575943 0.202261    0.135 0.667455
 194.868   157.97     36.9   44.275 -0.507491 0.202261     0.13 0.642735
 194.665   157.97     36.7   44.145 -0.439037 0.202261     0.13 0.642735
 194.463   157.97   36.495   44.015 -0.368868 0.202261     0.13 0.642735
 194.261   157.97   36.295   43.885 -0.300408 0.202261     0.13 0.642735
 194.059   157.97    36.09    43.75 -0.230235 0.202261    0.135 0.667455
 193.856   157.97    35.89    43.62 -0.161772 0.202261     0.13 0.642735
 193.654   157.97   35.685    43.49 -0.0915975 0.202261     0.13 0.642735
 193.452   157.97   35.485    43.36 -0.0231342 0.202261     0.13 0.642735
  193.25   157.97    35.28   43.225 0.0470402 0.202261    0.135 0.667455
 193.047   157.97    35.08   43.095 0.115502 0.202261     0.13 0.642735
 192.845   157.97   34.875   42.965 0.185673 0.202261     0.13 0.642735
 192.643   157.97   34.675   42.835 0.254131 0.202261     0.13 0.642735
  192.44   157.97   34.475   42.705 0.322586 0.202261     0.13 0.642735
 192.238   157.97    34.27   42.575 0.392749 0.202261     0.13 0.642735
 192.036   157.97    34.07   42.445 0.461197 0.202261     0.13 0.642735
 191.834   157.97   33.865    42.31 0.531351 0.202261    0.135 0.667455
 191.631   157.97   33.665    42.18 0.599789 0.202261     0.13 0.642735
 191.429   157.97    33.46    42.05 0.669932 0.202261     0.13 0.642735
 191.227   157.97    33.26    41.92 0.738357 0.202261     0.13 0.642735
 191.025   157.97   33.055    41.79 0.808486 0.202261     0.13 0.642735
 190.822   157.97   32.855    41.66 0.876898 0.202261     0.13 0.642735
  190.62   157.97   32.655    41.53   0.9453 0.202261     0.13 0.642735
 190.418   157.97    32.45   41.395   1.0154 0.202261    0.135 0.667455
 190.216   157.97    32.25    41.27  1.08379 0.202261    0.125 0.618014
 190.013   157.97   32.045   41.135  1.15387 0.202261    0.135 0.667455
 189.811   157.97   31.845   41.005  1.22224 0.202261     0.13 0.642735
 189.609   157.97    31.64   40.875   1.2923 0.202261     0.13 0.642735
 189.407   157.97    31.44   40.745  1.36064 0.202261     0.13 0.642735
 189.204   157.97   31.235   40.615  1.43068 0.202261     0.13 0.642735
 189.002   157.97   31.035   40.485  1.49899 0.202261     0.13 0.642735
   188.8   157.97    30.83   40.355    1.569 0.202261     0.13 0.642735
 188.598   157.97    30.63   40.225  1.63729 0.202261     0.13 0.642735
 188.395   157.97    30.43   40.095  1.70556 0.202261     0.13 0.642735
 188.193   157.97   30.225   39.965  1.77552 0.202261     0.13 0.642735
 187.991   157.97   30.025   39.835  1.84376 0.202261     0.13 0.642735
 187.788   157.97    29.82   39.705  1.91369 0.202261     0.13 0.642735
 187.586   157.97    29.62   39.575  1.98189 0.202261     0.13 0.642735
 187.384   157.97   29.415   39.445  2.05178 0.202261     0.13 0.642735
 187.182   157.97   29.215   39.315  2.11995 0.202261     0.13 0.642735
 186.979   157.97    29.01   39.185   2.1898 0.202261     0.13 0.642735
 186.777   157.97    28.81    39.06  2.25792 0.202261    0.125 0.618014
 186.575   157.97   28.605   38.925  2.32773 0.202261    0.135 0.667455
 186.373   157.97   28.405     38.8  2.39581 0.202261    0.125 0.618014
  186.17   157.97   28.205    38.67  2.46388 0.202261     0.13 0.642735
 185.968   157.97       28    38.54  2.53361 0.202261     0.13 0.642735
 185.766   157.97     27.8   38.415  2.60163 0.202261    0.125 0.618014
 185.564   157.97   27.595   38.285  2.67132 0.202261     0.13 0.642735
 185.361   157.97   27.395   38.155  2.73928 0.202261     0.13 0.642735
 185.159   157.97    27.19   38.025  2.80892 0.202261     0.13 0.642735
 184.957   157.97    26.99     37.9  2.87683 0.202261    0.125 0.618014
 184.755   157.97   26.785    37.77  2.94641 0.202261     0.13 0.642735
 184.552   157.97   26.585    37.64  3.01427 0.202261     0.13 0.642735
  184.35   157.97   26.385   37.515   3.0821 0.202261    0.125 0.618014
 184.148   157.97    26.18   37.385  3.15159 0.202261     0.13 0.642735
 183.946   157.97    25.98    37.26  3.21936 0.202261    0.125 0.618014
 183.743   157.97   25.775    37.13  3.28879 0.202261     0.13 0.642735
 183.541   157.97   25.575   37.005   3.3565 0.202261    0.125 0.618014
 183.339   157.97    25.37   36.875  3.42587 0.202261     0.13 0.642735
 183.136   157.97    25.17    36.75  3.49351 0.202261    0.125 0.618014
 182.934   157.97   24.965    36.62   3.5628 0.202261     0.13 0.642735
 182.732   157.97   24.765   36.495  3.63038 0.202261    0.125 0.618014
  182.53   157.97    24.56   36.365   3.6996 0.202261     0.13 0.642735
 182.327   157.97    24.36    36.24  3.76711 0.202261    0.125 0.618014
 182.125   157.97    24.16   36.115  3.83457 0.202261    0.125 0.618014
 181.923   157.97   23.955   35.985  3.90369 0.202261     0.13 0.642735
 181.721   157.97   23.755    35.86  3.97108 0.202261    0.125 0.618014
 181.518   157.97    23.55   35.735  4.04012 0.202261    0.125 0.618014
 181.316   157.97    23.35    35.61  4.10743 0.202261    0.125 0.618014
 181.114   157.97   23.145    35.48  4.17639 0.202261     0.13 0.642735
 180.912   157.97   22.945    35.36  4.24362 0.202261     0.12 0.593294
 180.709   157.97    22.74    35.23  4.31249 0.202261     0.13 0.642735
 180.507   157.97    22.54   35.105  4.37964 0.202261    0.125 0.618014
 180.305   157.97   22.335    34.98  4.44842 0.202261    0.125 0.618014
 180.103   157.97   22.135   34.855  4.51548 0.202261    0.125 0.618014
   179.9   157.97   21.935   34.735   4.5825 0.202261     0.12 0.593294
 179.698   157.97    21.73   34.605  4.65115 0.202261     0.13 0.642735
 179.496   157.97    21.53   34.485  4.71808 0.202261     0.12 0.593294
 179.294   157.97   21.325    34.36  4.78663 0.202261    0.125 0.618014
 179.091   157.97   21.125   34.235  4.85346 0.202261    0.125 0.618014
 178.889   157.97    20.92    34.11  4.92192 0.202261    0.125 0.618014
 178.687   157.97    20.72    33.99  4.98865 0.202261     0.12 0.593294
 178.484   157.97   20.515   33.865  5.05701 0.202261    0.125 0.618014
 178.282   157.97   20.315   33.745  5.12364 0.202261     0.12 0.593294
  178.08   157.97    20.11    33.62  5.19189 0.202261    0.125 0.618014
 177.878   157.97    19.91   33.495  5.25842 0.202261    0.125 0.618014
 177.675   157.97    19.71   33.375  5.32491 0.202261     0.12 0.593294
 177.473   157.97   19.505    33.25    5.393 0.202261    0.125 0.618014
 177.271   157.97   19.305    33.13  5.45937 0.202261     0.12 0.593294
 177.069   157.97     19.1    33.01  5.52735 0.202261     0.12 0.593294
 176.866   157.97     18.9    32.89  5.59361 0.202261     0.12 0.593294
 176.664   157.97   18.695   32.765  5.66147 0.202261    0.125 0.618014
 176.462   157.97   18.495   32.645  5.72762 0.202261     0.12 0.593294
  176.26   157.97    18.29   32.525  5.79537 0.202261     0.12 0.593294
 176.057   157.97    18.09   32.405   5.8614 0.202261     0.12 0.593294
 175.855   157.97    17.89   32.285  5.92738 0.202261     0.12 0.593294
 175.653   157.97   17.685   32.165  5.99495 0.202261     0.12 0.593294
 175.451   157.97   17.485   32.045   6.0608 0.202261     0.12 0.593294
 175.248   157.97    17.28   31.925  6.12824 0.202261     0.12 0.593294
 175.046   157.97    17.08    31.81  6.19397 0.202261    0.115 0.568573
 174.844   157.97   16.875    31.69  6.26128 0.202261     0.12 0.593294
 174.642   157.97   16.675    31.57  6.32689 0.202261     0.12 0.593294
 174.439   157.97    16.47    31.45  6.39407 0.202261     0.12 0.593294
 174.237   157.97    16.27   31.335  6.45955 0.202261    0.115 0.568573
 174.035   157.97   16.065   31.215  6.52659 0.202261     0.12 0.593294
 173.832   157.97   15.865     31.1  6.59194 0.202261    0.115 0.568573
  173.63   157.97   15.665   30.985  6.65722 0.202261    0.115 0.568573
 173.428   157.97    15.46    30.87  6.72406 0.202261    0.115 0.568573
 173.226   157.97    15.26   30.755   6.7892 0.202261    0.115 0.568573
 173.023   157.97   15.055   30.635   6.8559 0.202261     0.12 0.593294
 172.821   157.97   14.855    30.52   6.9209 0.202261    0.115 0.568573
 172.619   157.97    14.65   30.405  6.98745 0.202261    0.115 0.568573
 172.417   157.97    14.45    30.29  7.05231 0.202261    0.115 0.568573
 172.214   157.97   14.245   30.175  7.11872 0.202261    0.115 0.568573
 172.012   157.97   14.045    30.06  7.18344 0.202261    0.115 0.568573
  171.81   157.97    13.84   29.945  7.24969 0.202261    0.115 0.568573
 171.608   157.97    13.64   29.835  7.31426 0.202261     0.11 0.543852
 171.405   157.97    13.44   29.725  7.37875 0.202261     0.11 0.543852
 171.203   157.97   13.235    29.61  7.44478 0.202261    0.115 0.568573
 171.001   157.97   13.035     29.5  7.50911 0.202261     0.11 0.543852
 170.799   157.97    12.83   29.385  7.57498 0.202261    0.115 0.568573
 170.596   157.97    12.63   29.275  7.63917 0.202261     0.11 0.543852
 170.394   157.97   12.425    29.16  7.70487 0.202261    0.115 0.568573
 170.192   157.97   12.225   29.055   7.7689 0.202261    0.105 0.519132
  169.99   157.97    12.02    28.94  7.83444 0.202261    0.115 0.568573
 169.787   157.97    11.82   28.835  7.89831 0.202261    0.105 0.519132
 169.585   157.97    11.62   28.725  7.96209 0.202261     0.11 0.543852
 169.383   157.97   11.415   28.615  8.02739 0.202261     0.11 0.543852
  169.18   157.97   11.215    28.51    8.091 0.202261    0.105 0.519132
 168.978   157.97    11.01     28.4  8.15613 0.202261     0.11 0.543852
 168.776   157.97    10.81   28.295  8.21958 0.202261    0.105 0.519132
 168.574   157.97   10.605   28.185  8.28453 0.202261     0.11 0.543852
 168.371   157.97   10.405    28.08  8.34781 0.202261    0.105 0.519132
 168.169   157.97     10.2   27.975  8.41258 0.202261    0.105 0.519132
 167.967   157.97       10    27.87  8.47569 0.202261    0.105 0.519132
 167.765   157.97    9.795   27.765  8.54028 0.202261    0.105 0.519132
 167.562   157.97    9.595    27.66  8.60321 0.202261    0.105 0.519132
  167.36   157.97    9.395    27.56  8.66605 0.202261      0.1 0.494411
 166.963   157.97    8.995    27.36  8.79146 0.397573      0.2 0.503052
 166.565   157.97    8.595    27.16  8.91652 0.397573      0.2 0.503052
 166.167   157.97      8.2    26.97  9.03965 0.397573     0.19 0.477899
  165.77   157.97      7.8    26.78  9.16397 0.397573     0.19 0.477899
 165.372   157.97    7.405   26.595  9.28637 0.397573    0.185 0.465323
 164.975   157.97    7.005   26.415  9.40994 0.397573     0.18 0.452747
 164.577   157.97     6.61   26.245  9.53158 0.397573     0.17 0.427594
  164.18   157.97     6.21    26.08  9.65438 0.397573    0.165 0.415018
 163.782   157.97    5.815   25.925  9.77525 0.397573    0.155 0.389865
 163.384   157.97    5.415   25.775  9.89725 0.397573     0.15 0.377289
 162.987   157.97     5.02   25.645  10.0173 0.397573     0.13 0.326984
 162.589   157.97     4.62    25.53  10.1385 0.397573    0.115 0.289255
 162.192   157.97    4.225    25.43  10.2578 0.397573      0.1 0.251526
 161.403   157.97    3.435   25.315  10.4951 0.788198    0.115 0.145902
 160.615   157.97     2.65   25.335  10.7292 0.788198    -0.02 -0.0253743
 159.046   157.97     1.08    25.54  11.1923  1.56945   -0.205 -0.130619
 157.476  157.475    0.005   24.945  11.6484  1.56945    0.595 0.379114
