# S1-S2 restitution for CRN98 con cell. Adaptive step
# step: step in S2 interval
# delta: Difference in S2 APD from previous S2.
# d/dt: rate of change of S2 APD
#     S2 S1 APD50       DI S2 APD50    Vpeak     step    delta     d/dt
    1050   180.01  869.995   180.53  24.7877       50    0.575   0.0115
    1000   180.01  819.995   179.87  24.7917       50     0.66   0.0132
     950   180.01  769.995  179.125  24.7845       50    0.745   0.0149
     900   180.01  719.995   178.24  24.7785       50    0.885   0.0177
     875   180.01  694.995   177.72  24.7829       25     0.52   0.0208
     850   180.01  669.995   177.17  24.7745       25     0.55    0.022
     825   180.01  644.995  176.535  24.7802       25    0.635   0.0254
     800   180.01  619.995  175.845  24.7733       25     0.69   0.0276
     775   180.01  594.995  175.035  24.7803       25     0.81   0.0324
     750   180.01  569.995   174.12  24.7754       25    0.915   0.0366
   737.5   180.01  557.495   173.59  24.7797     12.5     0.53   0.0424
     725   180.01  544.995  173.035  24.7712     12.5    0.555   0.0444
   712.5   180.01  532.495    172.4  24.7762     12.5    0.635   0.0508
     700   180.01  519.995    171.7  24.7812     12.5      0.7    0.056
   687.5   180.01  507.495  170.945  24.7737     12.5    0.755   0.0604
     675   180.01  494.995   170.07  24.7794     12.5    0.875     0.07
   662.5   180.01  482.495   169.11  24.7723     12.5     0.96   0.0768
  656.25   180.01  476.245  168.565  24.7755     6.25    0.545   0.0872
     650   180.01  469.995  167.985  24.7785     6.25     0.58   0.0928
  643.75   180.01  463.745   167.39  24.7684     6.25    0.595   0.0952
   637.5   180.01  457.495   166.72   24.772     6.25     0.67   0.1072
  631.25   180.01  451.245  166.005  24.7752     6.25    0.715   0.1144
     625   180.01  444.995   165.23  24.7782     6.25    0.775    0.124
  618.75   180.01  438.745   164.42  24.7686     6.25     0.81   0.1296
   612.5   180.01  432.495   163.52   24.772     6.25      0.9    0.144
  606.25   180.01  426.245   162.55   24.775     6.25     0.97   0.1552
 603.125   180.01   423.12  162.035  24.7764    3.125    0.515   0.1648
     600   180.01  419.995   161.52  24.7651    3.125    0.515   0.1648
 596.875   180.01   416.87   160.96  24.7667    3.125     0.56   0.1792
  593.75   180.01  413.745   160.38  24.7682    3.125     0.58   0.1856
 590.625   180.01   410.62   159.77  24.7696    3.125     0.61   0.1952
   587.5   180.01  407.495   159.14  24.7709    3.125     0.63   0.2016
 584.375   180.01   404.37  158.485  24.7721    3.125    0.655   0.2096
  581.25   180.01  401.245  157.825  24.7605    3.125     0.66   0.2112
 578.125   180.01   398.12   157.11  24.7618    3.125    0.715   0.2288
     575   180.01  394.995   156.37  24.7629    3.125     0.74   0.2368
 571.875   180.01   391.87  155.595  24.7639    3.125    0.775    0.248
  568.75   180.01  388.745   154.79  24.7647    3.125    0.805   0.2576
 565.625   180.01   385.62   153.98  24.7524    3.125     0.81   0.2592
   562.5   180.01  382.495   153.11  24.7532    3.125     0.87   0.2784
 559.375   180.01   379.37  152.205  24.7537    3.125    0.905   0.2896
  556.25   180.01  376.245  151.265   24.754    3.125     0.94   0.3008
 553.125   180.01   373.12   150.29  24.7541    3.125    0.975    0.312
     550   180.01  369.995  149.305  24.7408    3.125    0.985   0.3152
 548.438   180.01   368.43   148.78  24.7407   1.5625    0.525    0.336
 546.875   180.01   366.87   148.25  24.7406   1.5625     0.53   0.3392
 545.312   180.01  365.305   147.71  24.7403   1.5625     0.54   0.3456
  543.75   180.01  363.745   147.16  24.7401   1.5625     0.55    0.352
 542.188   180.01   362.18    146.6  24.7397   1.5625     0.56   0.3584
 540.625   180.01   360.62   146.03  24.7391   1.5625     0.57   0.3648
 539.062   180.01  359.055   145.45  24.7385   1.5625     0.58   0.3712
   537.5   180.01  357.495   144.86  24.7377   1.5625     0.59   0.3776
 535.938   180.01   355.93   144.29  24.7238   1.5625     0.57   0.3648
 534.375   180.01   354.37   143.68   24.723   1.5625     0.61   0.3904
 532.812   180.01  352.805   143.06  24.7221   1.5625     0.62   0.3968
  531.25   180.01  351.245   142.43  24.7211   1.5625     0.63   0.4032
 529.688   180.01   349.68  141.785  24.7199   1.5625    0.645   0.4128
 528.125   180.01   348.12   141.14  24.7186   1.5625    0.645   0.4128
 526.562   180.01  346.555  140.475  24.7171   1.5625    0.665   0.4256
     525   180.01  344.995  139.805  24.7155   1.5625     0.67   0.4288
 523.438   180.01   343.43  139.125  24.7136   1.5625     0.68   0.4352
 521.875   180.01   341.87  138.465  24.6986   1.5625     0.66   0.4224
 520.312   180.01  340.305  137.765  24.6966   1.5625      0.7    0.448
  518.75   180.01  338.745  137.055  24.6945   1.5625     0.71   0.4544
 517.188   180.01   337.18  136.335  24.6922   1.5625     0.72   0.4608
 515.625   180.01   335.62  135.605  24.6897   1.5625     0.73   0.4672
 514.062   180.01  334.055  134.865  24.6869   1.5625     0.74   0.4736
   512.5   180.01  332.495   134.12  24.6839   1.5625    0.745   0.4768
 510.938   180.01   330.93   133.36  24.6806   1.5625     0.76   0.4864
 509.375   180.01   329.37  132.625  24.6639   1.5625    0.735   0.4704
 507.812   180.01  327.805   131.85  24.6604   1.5625    0.775    0.496
  506.25   180.01  326.245  131.065  24.6567   1.5625    0.785   0.5024
 504.688   180.01   324.68   130.27  24.6526   1.5625    0.795   0.5088
 503.125   180.01   323.12   129.47  24.6482   1.5625      0.8    0.512
 501.562   180.01  321.555   128.66  24.6435   1.5625     0.81   0.5184
     500   180.01  319.995   127.84  24.6384   1.5625     0.82   0.5248
 498.438   180.01   318.43  127.015  24.6329   1.5625    0.825    0.528
 496.875   180.01   316.87  126.215   24.614   1.5625      0.8    0.512
 495.312   180.01  315.305   125.37  24.6081   1.5625    0.845   0.5408
  493.75   180.01  313.745  124.525  24.6019   1.5625    0.845   0.5408
 492.188   180.01   312.18   123.67  24.5952   1.5625    0.855   0.5472
 490.625   180.01   310.62   122.81   24.588   1.5625     0.86   0.5504
 489.062   180.01  309.055   121.94  24.5803   1.5625     0.87   0.5568
   487.5   180.01  307.495  121.065  24.5722   1.5625    0.875     0.56
 485.938   180.01   305.93  120.185  24.5635   1.5625     0.88   0.5632
 484.375   180.01   304.37  119.335  24.5414   1.5625     0.85    0.544
 482.812   180.01  302.805  118.445   24.532   1.5625     0.89   0.5696
  481.25   180.01  301.245   117.55  24.5221   1.5625    0.895   0.5728
 479.688   180.01   299.68   116.65  24.5115   1.5625      0.9    0.576
 478.125   180.01   298.12   115.75  24.5002   1.5625      0.9    0.576
 476.562   180.01  296.555   114.84  24.4883   1.5625     0.91   0.5824
     475   180.01  294.995  113.935  24.4756   1.5625    0.905   0.5792
 473.438   180.01   293.43   113.05  24.4494   1.5625    0.885   0.5664
 471.875   180.01   291.87   112.14  24.4356   1.5625     0.91   0.5824
 470.312   180.01  290.305   111.22   24.421   1.5625     0.92   0.5888
  468.75   180.01  288.745    110.3  24.4057   1.5625     0.92   0.5888
 467.188   180.01   287.18   109.38  24.3894   1.5625     0.92   0.5888
 465.625   180.01   285.62   108.46  24.3722   1.5625     0.92   0.5888
 464.062   180.01  284.055   107.54   24.354   1.5625     0.92   0.5888
   462.5   180.01  282.495   106.65  24.3221   1.5625     0.89   0.5696
 460.938   180.01   280.93   105.73  24.3022   1.5625     0.92   0.5888
 459.375   180.01   279.37   104.81  24.2813   1.5625     0.92   0.5888
 457.812   180.01  277.805   103.89  24.2593   1.5625     0.92   0.5888
  456.25   180.01  276.245   102.97  24.2361   1.5625     0.92   0.5888
 454.688   180.01   274.68  102.055  24.2116   1.5625    0.915   0.5856
 453.125   180.01   273.12  101.145  24.1859   1.5625     0.91   0.5824
 451.562   180.01  271.555  100.265  24.1461   1.5625     0.88   0.5632
     450   180.01  269.995    99.36   24.118   1.5625    0.905   0.5792
 448.438   180.01   268.43   98.455  24.0883   1.5625    0.905   0.5792
 446.875   180.01   266.87   97.555  24.0571   1.5625      0.9    0.576
 445.312   180.01  265.305    96.66  24.0243   1.5625    0.895   0.5728
  443.75   180.01  263.745   95.775    23.99   1.5625    0.885   0.5664
 442.188   180.01   262.18    94.92   23.941   1.5625    0.855   0.5472
 440.625   180.01   260.62   94.045  23.9034   1.5625    0.875     0.56
 439.062   180.01  259.055   93.175  23.8638   1.5625     0.87   0.5568
   437.5   180.01  257.495    92.31  23.8224   1.5625    0.865   0.5536
 435.938   180.01   255.93   91.455  23.7787   1.5625    0.855   0.5472
 434.375   180.01   254.37   90.605  23.7329   1.5625     0.85    0.544
 432.812   180.01  252.805   89.795   23.672   1.5625     0.81   0.5184
  431.25   180.01  251.245   88.965   23.622   1.5625     0.83   0.5312
 429.688   180.01   249.68    88.14  23.5695   1.5625    0.825    0.528
 428.125   180.01   248.12    87.33  23.5145   1.5625     0.81   0.5184
 426.562   180.01  246.555   86.525  23.4567   1.5625    0.805   0.5152
     425   180.01  244.995   85.735  23.3964   1.5625     0.79   0.5056
 423.438   180.01   243.43   84.985  23.3201   1.5625     0.75     0.48
 421.875   180.01   241.87   84.215  23.2541   1.5625     0.77   0.4928
 420.312   180.01  240.305   83.455  23.1848   1.5625     0.76   0.4864
  418.75   180.01  238.745   82.705  23.1124   1.5625     0.75     0.48
 417.188   180.01   237.18    81.97  23.0363   1.5625    0.735   0.4704
 415.625   180.01   235.62    81.25  22.9569   1.5625     0.72   0.4608
 414.062   180.01  234.055   80.575  22.8607   1.5625    0.675    0.432
   412.5   180.01  232.495    79.88  22.7741   1.5625    0.695   0.4448
 410.938   180.01   230.93   79.195  22.6831   1.5625    0.685   0.4384
 409.375   180.01   229.37    78.53  22.5881   1.5625    0.665   0.4256
 407.812   180.01  227.805    77.88  22.4884   1.5625     0.65    0.416
  406.25   180.01  226.245   77.245  22.3844   1.5625    0.635   0.4064
 404.688   180.01   224.68   76.655  22.2628   1.5625     0.59   0.3776
 403.125   180.01   223.12    76.05  22.1494   1.5625    0.605   0.3872
 401.562   180.01  221.555    75.46  22.0305   1.5625     0.59   0.3776
     400   180.01  219.995    74.89  21.9065   1.5625     0.57   0.3648
 398.438   180.01   218.43   74.335  21.7764   1.5625    0.555   0.3552
 396.875   180.01   216.87   73.795  21.6408   1.5625     0.54   0.3456
 395.312   180.01  215.305   73.305  21.4863   1.5625     0.49   0.3136
  393.75   180.01  213.745   72.805  21.3386   1.5625      0.5     0.32
 392.188   180.01   212.18    72.32  21.1838   1.5625    0.485   0.3104
 390.625   180.01   210.62   71.855  21.0224   1.5625    0.465   0.2976
 389.062   180.01  209.055    71.41  20.8533   1.5625    0.445   0.2848
   387.5   180.01  207.495   71.015  20.6647   1.5625    0.395   0.2528
 385.938   180.01   205.93   70.605  20.4804   1.5625     0.41   0.2624
 384.375   180.01   204.37    70.22  20.2885   1.5625    0.385   0.2464
 382.812   180.01  202.805   69.855  20.0874   1.5625    0.365   0.2336
  381.25   180.01  201.245   69.515   19.878   1.5625     0.34   0.2176
 379.688   180.01   199.68    69.22  19.6463   1.5625    0.295   0.1888
 378.125   180.01   198.12    68.92  19.4182   1.5625      0.3    0.192
 376.562   180.01  196.555    68.64  19.1793   1.5625     0.28   0.1792
     375   180.01  194.995   68.385  18.9305   1.5625    0.255   0.1632
 373.438   180.01   193.43    68.15  18.6698   1.5625    0.235   0.1504
 371.875   180.01   191.87    67.97  18.3866   1.5625     0.18   0.1152
 370.312   180.01  190.305   67.785  18.1029   1.5625    0.185   0.1184
  368.75   180.01  188.745    67.62  17.8076   1.5625    0.165   0.1056
 367.188   180.01   187.18   67.485  17.4983   1.5625    0.135   0.0864
 365.625   180.01   185.62   67.375  17.1765   1.5625     0.11   0.0704
 364.062   180.01  184.055   67.315  16.8279   1.5625     0.06   0.0384
 360.938   180.01   180.93   67.225  16.1113    3.125     0.09   0.0288
 354.688   180.01   174.68     67.4   14.472     6.25   -0.175   -0.028
 348.438   180.01   168.43   68.025  12.5407     6.25   -0.625     -0.1
 345.312   180.01  165.305    68.52  11.4477    3.125   -0.495  -0.1584
 342.188   180.01   162.18    69.12  10.2675    3.125     -0.6   -0.192
 339.062   180.01  159.055    69.81    9.007    3.125    -0.69  -0.2208
 335.938   180.01   155.93   70.605  7.64202    3.125   -0.795  -0.2544
 332.812   180.01  152.805   71.475  6.18169    3.125    -0.87  -0.2784
 329.688   180.01   149.68    72.39  4.62613    3.125   -0.915  -0.2928
 326.562   180.01  146.555    73.32  2.97752    3.125    -0.93  -0.2976
 323.438   180.01   143.43   74.215  1.24006    3.125   -0.895  -0.2864
 320.312   180.01  140.305    75.02 -0.579368    3.125   -0.805  -0.2576
 317.188   180.01   137.18   75.665 -2.47914    3.125   -0.645  -0.2064
 314.062   180.01  134.055   76.055 -4.43813    3.125    -0.39  -0.1248
 310.938   180.01   130.93     76.1 -6.44034    3.125   -0.045  -0.0144
 304.688   180.01   124.68    75.81  -10.497     6.25     0.29   0.0464
 303.906   180.01    123.9   75.295 -11.0018  0.78125    0.515   0.6592
 303.125   180.01   123.12    74.77 -11.4978  0.78125    0.525    0.672
 302.344   180.01  122.335    74.23      -12  0.78125     0.54   0.6912
 301.562   180.01  121.555   73.685 -12.4953  0.78125    0.545   0.6976
 300.781   180.01  120.775   73.125 -12.9862  0.78125     0.56   0.7168
     300   180.01  119.995   72.555  -13.472  0.78125     0.57   0.7296
 299.219   180.01   119.21    71.97  -13.955  0.78125    0.585   0.7488
 298.438   180.01   118.43    71.38 -14.4286  0.78125     0.59   0.7552
 297.656   180.01   117.65    70.78 -14.8949  0.78125      0.6    0.768
 296.875   180.01   116.87   70.175 -15.3531  0.78125    0.605   0.7744
 296.094   180.01  116.085   69.555 -15.8055  0.78125     0.62   0.7936
 295.312   180.01  115.305   68.935 -16.2453  0.78125     0.62   0.7936
 294.531   180.01  114.525   68.315 -16.6748  0.78125     0.62   0.7936
  293.75   180.01  113.745    67.69 -17.0931  0.78125    0.625      0.8
 292.969   180.01   112.96   67.055 -17.5063  0.78125    0.635   0.8128
 292.188   180.01   112.18    66.43 -17.8994  0.78125    0.625      0.8
 291.406   180.01    111.4   65.805 -18.2788  0.78125    0.625      0.8
 290.625   180.01   110.62   65.185 -18.6479  0.78125     0.62   0.7936
 289.844   180.01  109.835   64.565 -18.9997  0.78125     0.62   0.7936
 289.062   180.01  109.055    63.96 -19.3334  0.78125    0.605   0.7744
 288.281   180.01  108.275   63.365  -19.654  0.78125    0.595   0.7616
   287.5   180.01  107.495    62.78 -19.9538  0.78125    0.585   0.7488
 286.719   180.01   106.71     62.2 -20.2409  0.78125     0.58   0.7424
 285.938   180.01   105.93    61.64 -20.5044  0.78125     0.56   0.7168
 285.156   180.01   105.15    61.09 -20.7524  0.78125     0.55    0.704
 284.375   180.01   104.37    60.56 -20.9811  0.78125     0.53   0.6784
 283.594   180.01  103.585   60.045 -21.1888  0.78125    0.515   0.6592
 282.812   180.01  102.805   59.545 -21.3784  0.78125      0.5     0.64
 282.031   180.01  102.025   59.065 -21.5483  0.78125     0.48   0.6144
  281.25   180.01  101.245   58.605 -21.6983  0.78125     0.46   0.5888
 280.469   180.01   100.46    58.16 -21.8295  0.78125    0.445   0.5696
 279.688   180.01    99.68   57.735 -21.9403  0.78125    0.425    0.544
 278.906   180.01     98.9    57.33 -22.0317  0.78125    0.405   0.5184
 278.125   180.01    98.12   56.945 -22.1041  0.78125    0.385   0.4928
 277.344   180.01   97.335   56.575 -22.1581  0.78125     0.37   0.4736
 276.562   180.01   96.555   56.225 -22.1934  0.78125     0.35    0.448
 275.781   180.01   95.775   55.895 -22.2108  0.78125     0.33   0.4224
     275   180.01   94.995   55.585 -22.2109  0.78125     0.31   0.3968
 274.219   180.01    94.21    55.29 -22.1939  0.78125    0.295   0.3776
 273.438   180.01    93.43   55.015 -22.1607  0.78125    0.275    0.352
 272.656   180.01    92.65    54.76 -22.1117  0.78125    0.255   0.3264
 271.875   180.01    91.87    54.52 -22.0485  0.78125     0.24   0.3072
 271.094   180.01   91.085   54.295 -21.9691  0.78125    0.225    0.288
 270.312   180.01   90.305   54.085 -21.8761  0.78125     0.21   0.2688
 269.531   180.01   89.525    53.89 -21.7705  0.78125    0.195   0.2496
  268.75   180.01   88.745   53.715 -21.6512  0.78125    0.175    0.224
 267.969   180.01    87.96    53.55 -21.5188  0.78125    0.165   0.2112
 267.188   180.01    87.18   53.405 -21.3761  0.78125    0.145   0.1856
 266.406   180.01     86.4    53.27 -21.2216  0.78125    0.135   0.1728
 265.625   180.01    85.62   53.145  -21.057  0.78125    0.125     0.16
 264.844   180.01   84.835   53.035 -20.8807  0.78125     0.11   0.1408
 264.062   180.01   84.055   52.935 -20.6962  0.78125      0.1    0.128
   262.5   180.01   82.495   52.775 -20.2994   1.5625     0.16   0.1024
 260.938   180.01    80.93    52.66 -19.8729   1.5625    0.115   0.0736
 259.375   180.01    79.37    52.59 -19.4292   1.5625     0.07   0.0448
  256.25   180.01   76.245   52.585 -18.4901    3.125    0.005   0.0016
     250   180.01   69.995    52.93 -16.4497     6.25   -0.345  -0.0552
  243.75   180.01   63.745    53.47 -14.2507     6.25    -0.54  -0.0864
   237.5   180.01   57.495   53.855  -11.943     6.25   -0.385  -0.0616
  231.25   180.01   51.245   53.725 -9.55848     6.25     0.13   0.0208
     225   180.01   44.995   52.765 -7.11793     6.25     0.96   0.1536
 221.875   180.01    41.87   51.915 -5.88164    3.125     0.85    0.272
 220.312   180.01   40.305    51.39 -5.25932   1.5625    0.525    0.336
  218.75   180.01   38.745   50.805 -4.63719   1.5625    0.585   0.3744
 217.188   180.01    37.18   50.155 -4.01152   1.5625     0.65    0.416
 215.625   180.01    35.62    49.45 -3.38657   1.5625    0.705   0.4512
 214.844   180.01   34.835    49.07 -3.07171  0.78125     0.38   0.4864
 214.453   180.01   34.445    48.88 -2.91519 0.390625     0.19   0.4864
 214.258   180.01    34.25    48.78 -2.83692 0.195312      0.1    0.512
  214.16   180.01   34.155    48.73 -2.79878 0.0976562     0.05    0.512
 214.111   180.01   34.105   47.865  -2.7787 0.0488281    0.865  17.7152
 214.062   180.01   34.055   47.715 -2.75863 0.0488281     0.15    3.072
 214.014   180.01   34.005   47.605 -2.73855 0.0488281     0.11   2.2528
 213.965   180.01   33.955   47.515 -2.71848 0.0488281     0.09   1.8432
 213.867   180.01    33.86   47.365 -2.68033 0.0976562     0.15    1.536
  213.77   180.01    33.76   47.225 -2.64018 0.0976562     0.14   1.4336
 213.672   180.01   33.665   47.105 -2.60202 0.0976562     0.12   1.2288
 213.574   180.01   33.565   46.985 -2.56186 0.0976562     0.12   1.2288
 213.477   180.01    33.47   46.875 -2.52371 0.0976562     0.11   1.1264
 213.379   180.01    33.37    46.77 -2.48354 0.0976562    0.105   1.0752
 213.281   180.01   33.275   46.665 -2.44538 0.0976562    0.105   1.0752
 213.184   180.01   33.175   46.565 -2.40521 0.0976562      0.1    1.024
 212.988   180.01    32.98    46.37 -2.32687 0.195312    0.195   0.9984
 212.793   180.01   32.785    46.18 -2.24852 0.195312     0.19   0.9728
 212.598   180.01    32.59       46 -2.17017 0.195312     0.18   0.9216
 212.402   180.01   32.395    45.82  -2.0918 0.195312     0.18   0.9216
 212.207   180.01     32.2   45.645 -2.01344 0.195312    0.175    0.896
 212.012   180.01   32.005   45.475 -1.93506 0.195312     0.17   0.8704
 211.816   180.01    31.81   45.305 -1.85669 0.195312     0.17   0.8704
 211.621   180.01   31.615    45.14 -1.77831 0.195312    0.165   0.8448
 211.426   180.01    31.42   44.975 -1.69992 0.195312    0.165   0.8448
  211.23   180.01   31.225    44.81 -1.62154 0.195312    0.165   0.8448
 211.035   180.01    31.03    44.65 -1.54315 0.195312     0.16   0.8192
  210.84   180.01    30.83   44.485 -1.46275 0.195312    0.165   0.8448
 210.645   180.01   30.635   44.325 -1.38436 0.195312     0.16   0.8192
 210.449   180.01    30.44    44.17 -1.30596 0.195312    0.155   0.7936
 210.254   180.01   30.245    44.01 -1.22757 0.195312     0.16   0.8192
 210.059   180.01    30.05   43.855 -1.14918 0.195312    0.155   0.7936
 209.863   180.01   29.855     43.7  -1.0708 0.195312    0.155   0.7936
 209.668   180.01    29.66   43.545 -0.99241 0.195312    0.155   0.7936
 209.473   180.01   29.465   43.395 -0.914029 0.195312     0.15    0.768
 209.277   180.01    29.27    43.24 -0.835651 0.195312    0.155   0.7936
 209.082   180.01   29.075    43.09 -0.757279 0.195312     0.15    0.768
 208.887   180.01    28.88   42.935 -0.678912 0.195312    0.155   0.7936
 208.691   180.01   28.685   42.785 -0.600552 0.195312     0.15    0.768
 208.496   180.01    28.49   42.635 -0.522198 0.195312     0.15    0.768
 208.301   180.01   28.295   42.485 -0.443853 0.195312     0.15    0.768
 208.105   180.01     28.1   42.335 -0.365516 0.195312     0.15    0.768
  207.91   180.01   27.905   42.185 -0.287187 0.195312     0.15    0.768
 207.715   180.01   27.705   42.035 -0.206861 0.195312     0.15    0.768
  207.52   180.01    27.51   41.885 -0.128553 0.195312     0.15    0.768
 207.324   180.01   27.315   41.735 -0.0502567 0.195312     0.15    0.768
 207.129   180.01    27.12    41.59 0.0280281 0.195312    0.145   0.7424
 206.934   180.01   26.925   41.445 0.106301 0.195312    0.145   0.7424
 206.738   180.01    26.73   41.295  0.18456 0.195312     0.15    0.768
 206.543   180.01   26.535    41.15 0.262805 0.195312    0.145   0.7424
 206.348   180.01    26.34   41.005 0.341036 0.195312    0.145   0.7424
 206.152   180.01   26.145   40.855 0.419251 0.195312     0.15    0.768
 205.957   180.01    25.95    40.71 0.497451 0.195312    0.145   0.7424
 205.762   180.01   25.755   40.565 0.575634 0.195312    0.145   0.7424
 205.566   180.01    25.56    40.42 0.653799 0.195312    0.145   0.7424
 205.371   180.01   25.365   40.275 0.731946 0.195312    0.145   0.7424
 205.176   180.01    25.17    40.13 0.810075 0.195312    0.145   0.7424
  204.98   180.01   24.975   39.985 0.888184 0.195312    0.145   0.7424
 204.785   180.01    24.78   39.845 0.966272 0.195312     0.14   0.7168
  204.59   180.01    24.58   39.695  1.04634 0.195312     0.15    0.768
 204.395   180.01   24.385    39.55  1.12439 0.195312    0.145   0.7424
 204.199   180.01    24.19    39.41  1.20241 0.195312     0.14   0.7168
 204.004   180.01   23.995   39.265  1.28041 0.195312    0.145   0.7424
 203.809   180.01     23.8   39.125  1.35838 0.195312     0.14   0.7168
 203.613   180.01   23.605    38.98  1.43633 0.195312    0.145   0.7424
 203.418   180.01    23.41    38.84  1.51426 0.195312     0.14   0.7168
 203.223   180.01   23.215   38.695  1.59216 0.195312    0.145   0.7424
 203.027   180.01    23.02   38.555  1.67003 0.195312     0.14   0.7168
 202.832   180.01   22.825    38.41  1.74787 0.195312    0.145   0.7424
 202.637   180.01    22.63    38.27  1.82569 0.195312     0.14   0.7168
 202.441   180.01   22.435    38.13  1.90347 0.195312     0.14   0.7168
 202.246   180.01    22.24    37.99  1.98123 0.195312     0.14   0.7168
 202.051   180.01   22.045   37.845  2.05895 0.195312    0.145   0.7424
 201.855   180.01    21.85   37.705  2.13665 0.195312     0.14   0.7168
  201.66   180.01   21.655   37.565  2.21431 0.195312     0.14   0.7168
 201.465   180.01   21.455    37.42  2.29392 0.195312    0.145   0.7424
  201.27   180.01    21.26    37.28  2.37152 0.195312     0.14   0.7168
 201.074   180.01   21.065    37.14  2.44907 0.195312     0.14   0.7168
 200.879   180.01    20.87       37   2.5266 0.195312     0.14   0.7168
 200.684   180.01   20.675   36.865  2.60408 0.195312    0.135   0.6912
 200.488   180.01    20.48   36.725  2.68153 0.195312     0.14   0.7168
 200.293   180.01   20.285   36.585  2.75894 0.195312     0.14   0.7168
 200.098   180.01    20.09   36.445  2.83631 0.195312     0.14   0.7168
 199.902   180.01   19.895   36.305  2.91364 0.195312     0.14   0.7168
 199.707   180.01     19.7    36.17  2.99093 0.195312    0.135   0.6912
 199.512   180.01   19.505    36.03  3.06818 0.195312     0.14   0.7168
 199.316   180.01    19.31   35.895  3.14539 0.195312    0.135   0.6912
 199.121   180.01   19.115   35.755  3.22256 0.195312     0.14   0.7168
 198.926   180.01    18.92   35.615  3.29968 0.195312     0.14   0.7168
  198.73   180.01   18.725    35.48  3.37676 0.195312    0.135   0.6912
 198.535   180.01    18.53   35.345  3.45379 0.195312    0.135   0.6912
  198.34   180.01    18.33   35.205  3.53275 0.195312     0.14   0.7168
 198.145   180.01   18.135   35.065  3.60969 0.195312     0.14   0.7168
 197.949   180.01    17.94    34.93  3.68658 0.195312    0.135   0.6912
 197.754   180.01   17.745   34.795  3.76342 0.195312    0.135   0.6912
 197.559   180.01    17.55    34.66  3.84021 0.195312    0.135   0.6912
 197.363   180.01   17.355   34.525  3.91695 0.195312    0.135   0.6912
 197.168   180.01    17.16   34.385  3.99364 0.195312     0.14   0.7168
 196.973   180.01   16.965    34.25  4.07028 0.195312    0.135   0.6912
 196.777   180.01    16.77   34.115  4.14687 0.195312    0.135   0.6912
 196.582   180.01   16.575   33.985   4.2234 0.195312     0.13   0.6656
 196.387   180.01    16.38    33.85  4.29988 0.195312    0.135   0.6912
 196.191   180.01   16.185   33.715  4.37631 0.195312    0.135   0.6912
 195.996   180.01    15.99    33.58  4.45267 0.195312    0.135   0.6912
 195.801   180.01   15.795   33.445  4.52899 0.195312    0.135   0.6912
 195.605   180.01     15.6   33.315  4.60524 0.195312     0.13   0.6656
  195.41   180.01   15.405    33.18  4.68144 0.195312    0.135   0.6912
 195.215   180.01   15.205   33.045  4.75952 0.195312    0.135   0.6912
  195.02   180.01    15.01    32.91   4.8356 0.195312    0.135   0.6912
 194.824   180.01   14.815    32.78  4.91161 0.195312     0.13   0.6656
 194.629   180.01    14.62    32.65  4.98757 0.195312     0.13   0.6656
 194.434   180.01   14.425   32.515  5.06346 0.195312    0.135   0.6912
 194.238   180.01    14.23   32.385  5.13928 0.195312     0.13   0.6656
 194.043   180.01   14.035   32.255  5.21505 0.195312     0.13   0.6656
 193.848   180.01    13.84   32.125  5.29074 0.195312     0.13   0.6656
 193.652   180.01   13.645    31.99  5.36638 0.195312    0.135   0.6912
 193.457   180.01    13.45    31.86  5.44194 0.195312     0.13   0.6656
 193.262   180.01   13.255    31.73  5.51744 0.195312     0.13   0.6656
 193.066   180.01    13.06   31.605  5.59287 0.195312    0.125     0.64
 192.871   180.01   12.865   31.475  5.66823 0.195312     0.13   0.6656
 192.676   180.01    12.67   31.345  5.74352 0.195312     0.13   0.6656
  192.48   180.01   12.475   31.215  5.81874 0.195312     0.13   0.6656
 192.285   180.01    12.28    31.09  5.89389 0.195312    0.125     0.64
  192.09   180.01    12.08   30.955  5.97089 0.195312    0.135   0.6912
 191.895   180.01   11.885    30.83  6.04589 0.195312    0.125     0.64
 191.699   180.01    11.69     30.7  6.12082 0.195312     0.13   0.6656
 191.504   180.01   11.495   30.575  6.19568 0.195312    0.125     0.64
 191.309   180.01     11.3    30.45  6.27045 0.195312    0.125     0.64
 191.113   180.01   11.105    30.32  6.34515 0.195312     0.13   0.6656
 190.918   180.01    10.91   30.195  6.41978 0.195312    0.125     0.64
 190.723   180.01   10.715    30.07  6.49433 0.195312    0.125     0.64
 190.527   180.01    10.52   29.945  6.56879 0.195312    0.125     0.64
 190.332   180.01   10.325    29.82  6.64318 0.195312    0.125     0.64
 190.137   180.01    10.13   29.695  6.71749 0.195312    0.125     0.64
 189.941   180.01    9.935    29.57  6.79172 0.195312    0.125     0.64
 189.746   180.01     9.74    29.45  6.86586 0.195312     0.12   0.6144
 189.551   180.01    9.545   29.325  6.93992 0.195312    0.125     0.64
 189.355   180.01     9.35     29.2   7.0139 0.195312    0.125     0.64
  189.16   180.01    9.155    29.08   7.0878 0.195312     0.12   0.6144
 188.965   180.01    8.955   28.955   7.1635 0.195312    0.125     0.64
  188.77   180.01     8.76    28.83  7.23722 0.195312    0.125     0.64
 188.574   180.01    8.565    28.71  7.31086 0.195312     0.12   0.6144
 188.379   180.01     8.37    28.59   7.3844 0.195312     0.12   0.6144
 188.184   180.01    8.175    28.47  7.45786 0.195312     0.12   0.6144
 187.988   180.01     7.98    28.35  7.53123 0.195312     0.12   0.6144
 187.793   180.01    7.785    28.23  7.60451 0.195312     0.12   0.6144
 187.598   180.01     7.59    28.11   7.6777 0.195312     0.12   0.6144
 187.402   180.01    7.395    27.99   7.7508 0.195312     0.12   0.6144
 187.207   180.01      7.2    27.87  7.82381 0.195312     0.12   0.6144
 187.012   180.01    7.005   27.755  7.89672 0.195312    0.115   0.5888
 186.816   180.01     6.81   27.635  7.96954 0.195312     0.12   0.6144
 186.621   180.01    6.615    27.52  8.04227 0.195312    0.115   0.5888
 186.426   180.01     6.42     27.4   8.1149 0.195312     0.12   0.6144
  186.23   180.01    6.225   27.285  8.18744 0.195312    0.115   0.5888
 186.035   180.01     6.03    27.17  8.25988 0.195312    0.115   0.5888
  185.84   180.01     5.83    27.05  8.33407 0.195312     0.12   0.6144
 185.645   180.01    5.635   26.935  8.40631 0.195312    0.115   0.5888
 185.449   180.01     5.44    26.82  8.47846 0.195312    0.115   0.5888
 185.254   180.01    5.245    26.71   8.5505 0.195312     0.11   0.5632
 185.059   180.01     5.05   26.595  8.62244 0.195312    0.115   0.5888
 184.863   180.01    4.855    26.48  8.69428 0.195312    0.115   0.5888
 184.668   180.01     4.66    26.37  8.76602 0.195312     0.11   0.5632
 184.473   180.01    4.465   26.255  8.83766 0.195312    0.115   0.5888
 184.277   180.01     4.27   26.145   8.9092 0.195312     0.11   0.5632
 184.082   180.01    4.075   26.035  8.98063 0.195312     0.11   0.5632
 183.887   180.01     3.88   25.925  9.05195 0.195312     0.11   0.5632
 183.691   180.01    3.685   25.815  9.12317 0.195312     0.11   0.5632
 183.496   180.01     3.49   25.705  9.19429 0.195312     0.11   0.5632
 183.301   180.01    3.295     25.6   9.2653 0.195312    0.105   0.5376
 183.105   180.01      3.1    25.49   9.3362 0.195312     0.11   0.5632
  182.91   180.01    2.905   25.385  9.40699 0.195312    0.105   0.5376
 182.715   180.01    2.705   25.275  9.47948 0.195312     0.11   0.5632
  182.52   180.01     2.51    25.17  9.55006 0.195312    0.105   0.5376
 182.324   180.01    2.315   25.065  9.62052 0.195312    0.105   0.5376
 182.129   180.01     2.12    24.96  9.69087 0.195312    0.105   0.5376
 181.934   180.01    1.925   24.855  9.76111 0.195312    0.105   0.5376
 181.738   180.01     1.73   24.755  9.83123 0.195312      0.1    0.512
 181.348   180.01     1.34    24.55  9.97115 0.390625    0.205   0.5248
 180.957   180.01     0.95   24.355  10.1106 0.390625    0.195   0.4992
 180.566   180.01     0.56    24.16  10.2496 0.390625    0.195   0.4992
 180.176   180.01     0.17    23.97  10.3881 0.390625     0.19   0.4864
 179.785  179.785    0.005    23.79  10.5262 0.390625     0.18   0.4608
