# time	10% actually used	time	25% actually used	time	Control trace
  0.05	-81.18	0.05	-81.17	2.55	-81.18
  2.55	-80.99	2.55	-80.72	5.1	-81.18
  5.05	-80.83	5.05	-80.34	7.65	-81.18
  7.55	-80.69	7.55	-80.03	10.2	-80.89
  10.05	-80.57	10.05	-79.78	12.75	-33.17
  12.55	-80.47	12.55	-79.56	15.3	-0.66
  15.05	-80.32	15.05	-79.34	17.85	-4.35
  17.55	-72.05	17.55	-71.15	20.4	-6.78
  20.05	-0.15	20.05	-1.81	22.95	-8.69
  22.55	-5.5	22.55	-9.02	25.5	-10.14
  25.05	-9.17	25.05	-14.32	28.05	-11.18
  27.55	-12.2	27.55	-19.07	30.6	-11.88
  30.05	-14.84	30.05	-23.51	33.15	-12.32
  32.55	-17.14	32.55	-27.58	35.7	-12.54
  35.05	-19.15	35.05	-31.24	38.25	-12.61
  37.55	-20.95	37.55	-34.52	40.8	-12.55
  40.05	-22.57	40.05	-37.45	43.35	-12.4
  42.55	-24.07	42.55	-40.08	45.9	-12.18
  45.05	-25.48	45.05	-42.45	48.45	-11.89
  47.55	-26.81	47.55	-44.6	51	-11.56
  50.05	-28.09	50.05	-46.57	53.55	-11.21
  52.55	-29.33	52.55	-48.37	56.1	-10.83
  55.05	-30.53	55.05	-50.03	58.65	-10.44
  57.55	-31.7	57.55	-51.57	61.2	-10.04
  60.05	-32.84	60.05	-52.99	63.75	-9.66
  62.55	-33.96	62.55	-54.3	66.3	-9.28
  65.05	-35.06	65.05	-55.52	68.85	-8.92
  67.55	-36.13	67.55	-56.65	71.4	-8.58
  70.05	-37.19	70.05	-57.7	73.95	-8.26
  72.55	-38.23	72.55	-58.67	76.5	-7.98
  75.05	-39.25	75.05	-59.58	79.05	-7.72
  77.55	-40.25	77.55	-60.43	81.6	-7.5
  80.05	-41.23	80.05	-61.21	84.15	-7.32
  82.55	-42.19	82.55	-61.94	86.7	-7.17
  85.05	-43.14	85.05	-62.62	89.25	-7.06
  87.55	-44.07	87.55	-63.26	91.8	-6.98
  90.05	-44.99	90.05	-63.86	94.35	-6.94
  92.55	-45.88	92.55	-64.41	96.9	-6.93
  95.05	-46.76	95.05	-64.94	99.45	-6.95
  97.55	-47.63	97.55	-65.42	102	-7
  100.05	-48.48	100.05	-65.88	104.55	-7.09
  102.55	-49.32	102.55	-66.31	107.1	-7.2
  105.05	-50.14	105.05	-66.71	109.65	-7.34
  107.55	-50.95	107.55	-67.09	112.2	-7.51
  110.05	-51.74	110.05	-67.45	114.75	-7.7
  112.55	-52.52	112.55	-67.79	117.3	-7.92
  115.05	-53.28	115.05	-68.11	119.85	-8.16
  117.55	-54.03	117.55	-68.41	122.4	-8.43
  120.05	-54.77	120.05	-68.69	124.95	-8.71
  122.55	-55.49	122.55	-68.96	127.5	-9.02
  125.05	-56.2	125.05	-69.22	130.05	-9.35
  127.55	-56.89	127.55	-69.47	132.6	-9.71
  130.05	-57.57	130.05	-69.7	135.15	-10.08
  132.55	-58.24	132.55	-69.92	137.7	-10.47
  135.05	-58.89	135.05	-70.13	140.25	-10.89
  137.55	-59.52	137.55	-70.33	142.8	-11.33
  140.05	-60.14	140.05	-70.53	145.35	-11.79
  142.55	-60.75	142.55	-70.71	147.9	-12.27
  145.05	-61.34	145.05	-70.89	150.45	-12.77
  147.55	-61.92	147.55	-71.06	153	-13.3
  150.05	-62.48	150.05	-71.22	155.55	-13.86
  152.55	-63.02	152.55	-71.38	158.1	-14.43
  155.05	-63.55	155.05	-71.53	160.65	-15.04
  157.55	-64.06	157.55	-71.68	163.2	-15.67
  160.05	-64.56	160.05	-71.82	165.75	-16.33
  162.55	-65.04	162.55	-71.96	168.3	-17.01
  165.05	-65.5	165.05	-72.09	170.85	-17.72
  167.55	-65.95	167.55	-72.22	173.4	-18.46
  170.05	-66.39	170.05	-72.34	175.95	-19.23
  172.55	-66.8	172.55	-72.46	178.5	-20.02
  175.05	-67.21	175.05	-72.58	181.05	-20.85
  177.55	-67.59	177.55	-72.69	183.6	-21.69
  180.05	-67.97	180.05	-72.8	186.15	-22.57
  182.55	-68.32	182.55	-72.91	188.7	-23.47
  185.05	-68.67	185.05	-73.01	191.25	-24.39
  187.55	-69	187.55	-73.11	193.8	-25.34
  190.05	-69.32	190.05	-73.21	196.35	-26.3
  192.55	-69.62	192.55	-73.31	198.9	-27.28
  195.05	-69.91	195.05	-73.4	201.45	-28.28
  197.55	-70.19	197.55	-73.49	204	-29.29
  200.05	-70.46	200.05	-73.58	206.55	-30.32
  202.55	-70.71	202.55	-73.66	209.1	-31.35
  205.05	-70.96	205.05	-73.75	211.65	-32.4
  207.55	-71.19	207.55	-73.83	214.2	-33.45
  210.05	-71.42	210.05	-73.91	216.75	-34.51
  212.55	-71.63	212.55	-73.99	219.3	-35.56
  215.05	-71.84	215.05	-74.06	221.85	-36.62
  217.55	-72.04	217.55	-74.14	224.4	-37.68
  220.05	-72.23	220.05	-74.21	226.95	-38.74
  222.55	-72.41	222.55	-74.28	229.5	-39.8
  225.05	-72.58	225.05	-74.35	232.05	-40.85
  227.55	-72.75	227.55	-74.41	234.6	-41.9
  230.05	-72.91	230.05	-74.48	237.15	-42.95
  232.55	-73.07	232.55	-74.55	239.7	-43.98
  235.05	-73.21	235.05	-74.61	242.25	-45.01
  237.55	-73.36	237.55	-74.67	244.8	-46.03
  240.05	-73.49	240.05	-74.73	247.35	-47.05
  242.55	-73.63	242.55	-74.79	249.9	-48.05
  245.05	-73.75	245.05	-74.55	252.45	-49.05
  247.55	-73.88	247.55	-43.35	255	-50.03
  250.05	-74	250.05	-8.72	257.55	-51.01
  252.55	-74.11	252.55	-15.29	260.1	-51.97
  255.05	-74.22	255.05	-20.29	262.65	-52.93
  257.55	-74.33	257.55	-24.74	265.2	-53.87
  260.05	-74.43	260.05	-28.89	267.75	-54.8
  262.55	-74.53	262.55	-32.76	270.3	-55.72
  265.05	-74.63	265.05	-36.31	272.85	-56.63
  267.55	-74.72	267.55	-39.55	275.4	-57.52
  270.05	-74.81	270.05	-42.49	277.95	-58.4
  272.55	-74.9	272.55	-45.19	280.5	-59.26
  275.05	-74.97	275.05	-47.65	283.05	-60.1
  277.55	-73.31	277.55	-49.93	285.6	-60.93
  280.05	-5.48	280.05	-52.03	288.15	-61.74
  282.55	-9.21	282.55	-53.96	290.7	-62.54
  285.05	-13.14	285.05	-55.75	293.25	-63.31
  287.55	-15.92	287.55	-57.41	295.8	-64.06
  290.05	-18.21	290.05	-58.93	298.35	-64.78
  292.55	-20.26	292.55	-60.33	300.9	-65.49
  295.05	-22.15	295.05	-61.61	303.45	-66.17
  297.55	-23.93	297.55	-62.79	306	-66.83
  300.05	-25.63	300.05	-63.86	308.55	-67.46
  302.55	-27.26	302.55	-64.84	311.1	-68.06
  305.05	-28.84	305.05	-65.73	313.65	-68.64
  307.55	-30.38	307.55	-66.54	316.2	-69.19
  310.05	-31.89	310.05	-67.28	318.75	-69.72
  312.55	-33.38	312.55	-67.94	321.3	-70.22
  315.05	-34.84	315.05	-68.55	323.85	-70.7
  317.55	-36.27	317.55	-69.09	326.4	-71.15
  320.05	-37.68	320.05	-69.59	328.95	-71.58
  322.55	-39.06	322.55	-70.03	331.5	-71.98
  325.05	-40.41	325.05	-70.44	334.05	-72.36
  327.55	-41.74	327.55	-70.8	336.6	-72.72
  330.05	-43.04	330.05	-71.13	339.15	-73.06
  332.55	-44.32	332.55	-71.44	341.7	-73.38
  335.05	-45.57	335.05	-71.71	344.25	-73.67
  337.55	-46.79	337.55	-71.96	346.8	-73.95
  340.05	-47.98	340.05	-72.19	349.35	-74.22
  342.55	-49.15	342.55	-72.4	351.9	-74.46
  345.05	-50.29	345.05	-72.59	354.45	-74.69
  347.55	-51.4	347.55	-72.77	357	-74.91
  350.05	-52.49	350.05	-72.93	359.55	-75.11
  352.55	-53.55	352.55	-73.08	362.1	-75.3
  355.05	-54.58	355.05	-73.22	364.65	-75.48
  357.55	-55.59	357.55	-73.35	367.2	-75.65
  360.05	-56.57	360.05	-73.48	369.75	-75.81
  362.55	-57.53	362.55	-73.59	372.3	-75.95
  365.05	-58.45	365.05	-73.7	374.85	-76.09
  367.55	-59.35	367.55	-73.8	377.4	-76.22
  370.05	-60.22	370.05	-73.9	379.95	-76.35
  372.55	-61.06	372.55	-73.99	382.5	-76.46
  375.05	-61.88	375.05	-74.08	385.05	-76.57
  377.55	-62.66	377.55	-74.17	387.6	-76.68
  380.05	-63.41	380.05	-74.25	390.15	-76.78
  382.55	-64.13	382.55	-74.33	392.7	-76.87
  385.05	-64.82	385.05	-74.4	395.25	-76.96
  387.55	-65.48	387.55	-74.47	397.8	-77.04
  390.05	-66.11	390.05	-74.54	400.35	-77.13
  392.55	-66.71	392.55	-74.61	402.9	-77.2
  395.05	-67.28	395.05	-74.67	405.45	-77.28
  397.55	-67.82	397.55	-74.74	408	-77.35
  400.05	-68.34	400.05	-74.8	410.55	-77.41
  402.55	-68.82	402.55	-74.86	413.1	-77.48
  405.05	-69.28	405.05	-74.92	415.65	-77.54
  407.55	-69.71	407.55	-74.97	418.2	-77.6
  410.05	-70.12	410.05	-75.03	420.75	-77.66
  412.55	-70.51	412.55	-75.08	423.3	-77.71
  415.05	-70.87	415.05	-75.13	425.85	-77.77
  417.55	-71.21	417.55	-75.18	428.4	-77.82
  420.05	-71.52	420.05	-75.23	430.95	-77.5
  422.55	-71.82	422.55	-75.28	433.5	-3.26
  425.05	-72.1	425.05	-75.33	436.05	-1.13
  427.55	-72.37	427.55	-75.38	438.6	-9.46
  430.05	-72.61	430.05	-75.42	441.15	-12.92
  432.55	-72.85	432.55	-75.47	443.7	-15.15
  435.05	-73.07	435.05	-75.51	446.25	-16.81
  437.55	-73.27	437.55	-75.55	448.8	-18.1
  440.05	-73.46	440.05	-75.6	451.35	-19.12
  442.55	-73.64	442.55	-75.64	453.9	-19.94
  445.05	-73.82	445.05	-75.31	456.45	-20.62
  447.55	-73.98	447.55	-13.54	459	-21.2
  450.05	-74.13	450.05	-8.26	461.55	-21.7
  452.55	-74.27	452.55	-14.84	464.1	-22.15
  455.05	-74.41	455.05	-19.7	466.65	-22.57
  457.55	-74.54	457.55	-24.04	469.2	-22.95
  460.05	-74.66	460.05	-28.17	471.75	-23.32
  462.55	-74.77	462.55	-32.07	474.3	-23.68
  465.05	-74.88	465.05	-35.72	476.85	-24.04
  467.55	-74.99	467.55	-39.08	479.4	-24.39
  470.05	-75.09	470.05	-42.16	481.95	-24.74
  472.55	-75.18	472.55	-45	484.5	-25.11
  475.05	-75.28	475.05	-47.62	487.05	-25.48
  477.55	-75.36	477.55	-50.04	489.6	-25.86
  480.05	-75.45	480.05	-52.27	492.15	-26.25
  482.55	-75.53	482.55	-54.34	494.7	-26.65
  485.05	-75.6	485.05	-56.25	497.25	-27.07
  487.55	-75.68	487.55	-58.02	499.8	-27.5
  490.05	-75.75	490.05	-59.65	502.35	-27.95
  492.55	-75.82	492.55	-61.14	504.9	-28.41
  495.05	-75.89	495.05	-62.51	507.45	-28.89
  497.55	-75.95	497.55	-63.76	510	-29.39
  500.05	-76.01	500.05	-64.9	512.55	-29.9
  502.55	-76.07	502.55	-65.94	515.1	-30.42
  505.05	-76.04	505.05	-66.87	517.65	-30.96
  507.55	-63.04	507.55	-67.72	520.2	-31.52
  510.05	-4.61	510.05	-68.48	522.75	-32.09
  512.55	-9.99	512.55	-69.16	525.3	-32.68
  515.05	-13.46	515.05	-69.78	527.85	-33.28
  517.55	-15.98	517.55	-70.33	530.4	-33.9
  520.05	-18.13	520.05	-70.82	532.95	-34.53
  522.55	-20.07	522.55	-71.26	535.5	-35.17
  525.05	-21.88	525.05	-71.65	538.05	-35.83
  527.55	-23.6	527.55	-72.01	540.6	-36.5
  530.05	-25.27	530.05	-72.32	543.15	-37.18
  532.55	-26.89	532.55	-72.6	545.7	-37.87
  535.05	-28.49	535.05	-72.86	548.25	-38.57
  537.55	-30.07	537.55	-73.09	550.8	-39.27
  540.05	-31.63	540.05	-73.29	553.35	-39.99
  542.55	-33.17	542.55	-73.48	555.9	-40.72
  545.05	-34.7	545.05	-73.65	558.45	-41.45
  547.55	-36.21	547.55	-73.8	561	-42.19
  550.05	-37.7	550.05	-73.95	563.55	-42.94
  552.55	-39.16	552.55	-74.07	566.1	-43.7
  555.05	-40.61	555.05	-74.19	568.65	-44.45
  557.55	-42.03	557.55	-74.3	571.2	-45.22
  560.05	-43.42	560.05	-74.4	573.75	-45.99
  562.55	-44.78	562.55	-74.5	576.3	-46.76
  565.05	-46.12	565.05	-74.59	578.85	-47.53
  567.55	-47.43	567.55	-74.67	581.4	-48.31
  570.05	-48.71	570.05	-74.75	583.95	-49.09
  572.55	-49.96	572.55	-74.67	586.5	-49.87
  575.05	-51.18	575.05	-66.56	589.05	-50.66
  577.55	-52.37	577.55	-9.74	591.6	-51.44
  580.05	-53.54	580.05	-15.68	594.15	-52.23
  582.55	-54.67	582.55	-20.71	596.7	-53.02
  585.05	-55.78	585.05	-25.17	599.25	-53.81
  587.55	-56.85	587.55	-29.34	601.8	-54.6
  590.05	-57.9	590.05	-33.27	604.35	-55.39
  592.55	-58.91	592.55	-36.9	606.9	-56.17
  595.05	-59.89	595.05	-40.25	609.45	-56.96
  597.55	-60.83	597.55	-43.31	612	-57.74
  600.05	-61.74	600.05	-46.13	614.55	-58.51
  602.55	-62.62	602.55	-48.73	617.1	-59.28
  605.05	-63.46	605.05	-51.14	619.65	-60.05
  607.55	-64.26	607.55	-53.36	622.2	-60.81
  610.05	-65.03	610.05	-55.42	624.75	-61.56
  612.55	-65.76	612.55	-57.33	627.3	-62.3
  615.05	-66.46	615.05	-59.09	629.85	-63.02
  617.55	-67.12	617.55	-60.7	632.4	-63.74
  620.05	-67.75	620.05	-62.19	634.95	-64.44
  622.55	-68.33	622.55	-63.54	637.5	-65.12
  625.05	-68.89	625.05	-64.78	640.05	-65.79
  627.55	-69.41	627.55	-65.9	642.6	-66.44
  630.05	-69.9	630.05	-66.91	645.15	-67.07
  632.55	-70.36	632.55	-67.83	647.7	-67.68
  635.05	-70.79	635.05	-68.65	650.25	-68.27
  637.55	-71.19	637.55	-69.39	652.8	-68.83
  640.05	-71.57	640.05	-70.05	655.35	-69.38
  642.55	-71.92	642.55	-70.64	657.9	-69.9
  645.05	-72.24	645.05	-71.16	660.45	-70.39
  647.55	-72.54	647.55	-71.63	663	-70.87
  650.05	-72.83	650.05	-72.05	665.55	-71.32
  652.55	-73.09	652.55	-72.42	668.1	-71.75
  655.05	-73.33	655.05	-72.75	670.65	-72.15
  657.55	-73.56	657.55	-73.04	673.2	-72.53
  660.05	-73.77	660.05	-73.3	675.75	-72.89
  662.55	-73.97	662.55	-73.54	678.3	-73.23
  665.05	-74.15	665.05	-73.75	680.85	-73.56
  667.55	-74.32	667.55	-73.94	683.4	-73.86
  670.05	-74.49	670.05	-74.11	685.95	-74.14
  672.55	-74.64	672.55	-74.26	688.5	-74.4
  675.05	-74.78	675.05	-74.39	691.05	-74.55
  677.55	-74.9	677.55	-74.43	693.6	-73.21
  680.05	-74.85	680.05	-72.49	696.15	-37.91
  682.55	-66.76	682.55	-26.96	698.7	-6.45
  685.05	-9.14	685.05	-16.06	701.25	-12.65
  687.55	-12.83	687.55	-20.82	703.8	-15.51
  690.05	-15.99	690.05	-25.22	706.35	-17.27
  692.55	-18.46	692.55	-29.39	708.9	-18.52
  695.05	-20.61	695.05	-33.32	711.45	-19.46
  697.55	-22.6	697.55	-36.99	714	-20.17
  700.05	-24.48	700.05	-40.38	716.55	-20.7
  702.55	-26.28	702.55	-43.49	719.1	-21.11
  705.05	-28.03	705.05	-46.35	721.65	-21.42
  707.55	-29.73	707.55	-49	724.2	-21.66
  710.05	-31.4	710.05	-51.46	726.75	-21.83
  712.55	-33.05	712.55	-53.73	729.3	-21.96
  715.05	-34.66	715.05	-55.84	731.85	-22.05
  717.55	-36.26	717.55	-57.79	734.4	-22.12
  720.05	-37.82	720.05	-59.59	736.95	-22.15
  722.55	-39.35	722.55	-61.25	739.5	-22.17
  725.05	-40.86	725.05	-62.77	742.05	-22.17
  727.55	-42.34	727.55	-64.16	744.6	-22.17
  730.05	-43.79	730.05	-65.42	747.15	-22.15
  732.55	-45.21	732.55	-66.56	749.7	-22.12
  735.05	-46.6	735.05	-67.59	752.25	-22.09
  737.55	-47.96	737.55	-68.52	754.8	-22.06
  740.05	-49.29	740.05	-69.35	757.35	-22.03
  742.55	-50.59	742.55	-70.1	759.9	-21.99
  745.05	-51.86	745.05	-70.76	762.45	-21.96
  747.55	-53.09	747.55	-71.35	765	-21.93
  750.05	-54.3	750.05	-71.87	767.55	-21.9
  752.55	-55.47	752.55	-72.33	770.1	-21.88
  755.05	-56.62	755.05	-72.74	772.65	-21.86
  757.55	-57.73	757.55	-73.11	775.2	-21.85
  760.05	-58.8	760.05	-73.43	777.75	-21.85
  762.55	-59.84	762.55	-73.71	780.3	-21.85
  765.05	-60.85	765.05	-73.97	782.85	-21.87
  767.55	-61.82	767.55	-74.18	785.4	-21.9
  770.05	-62.75	770.05	-74.3	787.95	-21.94
  772.55	-63.64	772.55	-73.5	790.5	-21.99
  775.05	-64.5	775.05	-61.85	793.05	-22.06
  777.55	-65.31	777.55	-17.52	795.6	-22.15
  780.05	-66.08	780.05	-21.19	798.15	-22.25
  782.55	-66.82	782.55	-25.35	800.7	-22.37
  785.05	-67.51	785.05	-29.4	803.25	-22.51
  787.55	-68.17	787.55	-33.29	805.8	-22.67
  790.05	-68.78	790.05	-36.96	808.35	-22.84
  792.55	-69.36	792.55	-40.38	810.9	-23.05
  795.05	-69.91	795.05	-43.54	813.45	-23.27
  797.55	-70.41	797.55	-46.48	816	-23.52
  800.05	-70.89	800.05	-49.2	818.55	-23.8
  802.55	-71.33	802.55	-51.74	821.1	-24.1
  805.05	-71.74	805.05	-54.1	823.65	-24.43
  807.55	-72.12	807.55	-56.29	826.2	-24.79
  810.05	-72.47	810.05	-58.33	828.75	-25.18
  812.55	-72.8	812.55	-60.21	831.3	-25.6
  815.05	-73.1	815.05	-61.94	833.85	-26.04
  817.55	-73.38	817.55	-63.54	836.4	-26.52
  820.05	-73.64	820.05	-64.99	838.95	-27.04
  822.55	-73.88	822.55	-66.31	841.5	-27.58
  825.05	-74.1	825.05	-67.5	844.05	-28.16
  827.55	-74.31	827.55	-68.58	846.6	-28.77
  830.05	-74.49	830.05	-69.55	849.15	-29.41
  832.55	-74.32	832.55	-70.41	851.7	-30.08
  835.05	-66.08	835.05	-71.17	854.25	-30.78
  837.55	-12.51	837.55	-71.85	856.8	-31.51
  840.05	-15.05	840.05	-72.46	859.35	-32.28
  842.55	-17.77	842.55	-72.99	861.9	-33.07
  845.05	-20.09	845.05	-73.45	864.45	-33.89
  847.55	-22.19	847.55	-73.86	867	-34.73
  850.05	-24.16	850.05	-74.22	869.55	-35.6
  852.55	-26.04	852.55	-74.54	872.1	-36.49
  855.05	-27.86	855.05	-74.81	874.65	-37.4
  857.55	-29.62	857.55	-75.06	877.2	-38.33
  860.05	-31.35	860.05	-75.27	879.75	-39.27
  862.55	-33.05	862.55	-75.45	882.3	-40.24
  865.05	-34.71	865.05	-75.45	884.85	-41.21
  867.55	-36.35	867.55	-71.89	887.4	-42.2
  870.05	-37.95	870.05	-16.31	889.95	-43.2
  872.55	-39.53	872.55	-16.85	892.5	-44.21
  875.05	-41.08	875.05	-21.31	895.05	-45.23
  877.55	-42.6	877.55	-25.53	897.6	-46.26
  880.05	-44.08	880.05	-29.6	900.15	-47.29
  882.55	-45.54	882.55	-33.5	902.7	-48.33
  885.05	-46.97	885.05	-37.14	905.25	-49.37
  887.55	-48.36	887.55	-40.52	907.8	-50.42
  890.05	-49.73	890.05	-43.63	910.35	-51.47
  892.55	-51.06	892.55	-46.49	912.9	-52.51
  895.05	-52.36	895.05	-49.14	915.45	-53.56
  897.55	-53.63	897.55	-51.6	918	-54.61
  900.05	-54.87	900.05	-53.88	920.55	-55.66
  902.55	-56.08	902.55	-56	923.1	-56.7
  905.05	-57.25	905.05	-57.96	925.65	-57.74
  907.55	-58.39	907.55	-59.76	928.2	-58.76
  910.05	-59.49	910.05	-61.43	930.75	-59.78
  912.55	-60.55	912.55	-62.96	933.3	-60.79
  915.05	-61.58	915.05	-64.35	935.85	-61.78
  917.55	-62.56	917.55	-65.62	938.4	-62.75
  920.05	-63.51	920.05	-66.77	940.95	-63.7
  922.55	-64.42	922.55	-67.8	943.5	-64.63
  925.05	-65.28	925.05	-68.73	946.05	-65.53
  927.55	-66.1	927.55	-69.57	948.6	-66.41
  930.05	-66.88	930.05	-70.31	951.15	-67.25
  932.55	-67.62	932.55	-70.98	953.7	-68.06
  935.05	-68.31	935.05	-71.57	956.25	-68.83
  937.55	-68.96	937.55	-72.09	958.8	-69.57
  940.05	-69.57	940.05	-72.55	961.35	-70.27
  942.55	-70.14	942.55	-72.96	963.9	-70.93
  945.05	-70.68	945.05	-73.32	966.45	-71.55
  947.55	-71.17	947.55	-73.64	969	-72.13
  950.05	-71.63	950.05	-73.92	971.55	-72.67
  952.55	-72.06	952.55	-74.17	974.1	-73.18
  955.05	-72.46	955.05	-74.39	976.65	-73.65
  957.55	-72.82	957.55	-74.59	979.2	-74.08
  960.05	-73.16	960.05	-74.76	981.75	-74.47
  962.55	-73.47	962.55	-74.92	984.3	-74.79
  965.05	-73.76	965.05	-75.06	986.85	-74.75
  967.55	-74.02	967.55	-75.18	989.4	-70.88
  970.05	-74.25	970.05	-75.29	991.95	-4.5
  972.55	-74.16	972.55	-75.18	994.5	-11.45
  975.05	-69.48	975.05	-67.8	997.05	-15.63
  977.55	-17.25	977.55	-11.27	999.6	-18.05
  980.05	-16.27	980.05	-16.51	1002.15	-19.75
  982.55	-18.66	982.55	-21.34	1004.7	-21.07
  985.05	-20.88	985.05	-25.73	1007.25	-22.14
  987.55	-22.93	987.55	-29.89	1009.8	-23.04
  990.05	-24.88	990.05	-33.82	1012.35	-23.81
  992.55	-26.75	992.55	-37.45	1014.9	-24.5
  995.05	-28.57	995.05	-40.8	1017.45	-25.14
  997.55	-30.35	997.55	-43.87	1020	-25.75
  1000.05	-32.09	1000.05	-46.7	1022.55	-26.34
  1002.55	-33.8	1002.55	-49.32	1025.1	-26.93
  1005.05	-35.48	1005.05	-51.73	1027.65	-27.52
  1007.55	-37.14	1007.55	-53.97	1030.2	-28.13
  1010.05	-38.76	1010.05	-56.05	1032.75	-28.75
  1012.55	-40.36	1012.55	-57.97	1035.3	-29.39
  1015.05	-41.93	1015.05	-59.74	1037.85	-30.06
  1017.55	-43.47	1017.55	-61.36	1040.4	-30.75
  1020.05	-44.98	1020.05	-62.85	1042.95	-31.46
  1022.55	-46.46	1022.55	-64.21	1045.5	-32.21
  1025.05	-47.9	1025.05	-65.45	1048.05	-32.97
  1027.55	-49.32	1027.55	-66.57	1050.6	-33.76
  1030.05	-50.71	1030.05	-67.58	1053.15	-34.58
  1032.55	-52.06	1032.55	-68.49	1055.7	-35.42
  1035.05	-53.39	1035.05	-69.3	1058.25	-36.28
  1037.55	-54.68	1037.55	-70.03	1060.8	-37.16
  1040.05	-55.93	1040.05	-70.68	1063.35	-38.06
  1042.55	-57.16	1042.55	-71.26	1065.9	-38.98
  1045.05	-58.34	1045.05	-71.77	1068.45	-39.91
  1047.55	-59.49	1047.55	-72.23	1071	-40.86
  1050.05	-60.61	1050.05	-72.63	1073.55	-41.82
  1052.55	-61.68	1052.55	-72.99	1076.1	-42.8
  1055.05	-62.71	1055.05	-73.31	1078.65	-43.78
  1057.55	-63.7	1057.55	-73.59	1081.2	-44.78
  1060.05	-64.64	1060.05	-73.84	1083.75	-45.78
  1062.55	-65.54	1062.55	-74.06	1086.3	-46.79
  1065.05	-66.4	1065.05	-74.26	1088.85	-47.81
  1067.55	-67.21	1067.55	-74.43	1091.4	-48.83
  1070.05	-67.97	1070.05	-74.59	1093.95	-49.86
  1072.55	-68.69	1072.55	-74.73	1096.5	-50.89
  1075.05	-69.37	1075.05	-74.86	1099.05	-51.93
  1077.55	-70	1077.55	-74.81	1101.6	-52.97
  1080.05	-70.59	1080.05	-70.29	1104.15	-54
  1082.55	-71.13	1082.55	-12.69	1106.7	-55.04
  1085.05	-71.64	1085.05	-16.71	1109.25	-56.08
  1087.55	-72.11	1087.55	-21.52	1111.8	-57.11
  1090.05	-72.54	1090.05	-25.93	1114.35	-58.13
  1092.55	-72.94	1092.55	-30.1	1116.9	-59.15
  1095.05	-73.31	1095.05	-34.01	1119.45	-60.16
  1097.55	-73.65	1097.55	-37.65	1122	-61.15
  1100.05	-73.96	1100.05	-41	1124.55	-62.13
  1102.55	-74.25	1102.55	-44.07	1127.1	-63.09
  1105.05	-74.51	1105.05	-46.9	1129.65	-64.02
  1107.55	-74.75	1107.55	-49.51	1132.2	-64.94
  1110.05	-74.98	1110.05	-51.94	1134.75	-65.83
  1112.55	-75.18	1112.55	-54.18	1137.3	-66.68
  1115.05	-75.36	1115.05	-56.26	1139.85	-67.51
  1117.55	-75.53	1117.55	-58.18	1142.4	-68.3
  1120.05	-75.39	1120.05	-59.96	1144.95	-69.06
  1122.55	-63.66	1122.55	-61.59	1147.5	-69.78
  1125.05	-10.31	1125.05	-63.08	1150.05	-70.47
  1127.55	-13.68	1127.55	-64.44	1152.6	-71.11
  1130.05	-16.56	1130.05	-65.68	1155.15	-71.72
  1132.55	-18.93	1132.55	-66.8	1157.7	-72.29
  1135.05	-21.04	1135.05	-67.81	1160.25	-72.83
  1137.55	-23.02	1137.55	-68.72	1162.8	-73.32
  1140.05	-24.9	1140.05	-69.53	1165.35	-73.79
  1142.55	-26.72	1142.55	-70.26	1167.9	-74.21
  1145.05	-28.49	1145.05	-70.91	1170.45	-74.61
  1147.55	-30.21	1147.55	-71.48	1173	-74.98
  1150.05	-31.91	1150.05	-71.99	1175.55	-75.32
  1152.55	-33.57	1152.55	-72.44	1178.1	-75.63
  1155.05	-35.21	1155.05	-72.84	1180.65	-75.91
  1157.55	-36.82	1157.55	-73.2	1183.2	-76.18
  1160.05	-38.4	1160.05	-73.51	1185.75	-76.42
  1162.55	-39.95	1162.55	-73.79	1188.3	-76.64
  1165.05	-41.47	1165.05	-74.04	1190.85	-76.84
  1167.55	-42.97	1167.55	-74.25	1193.4	-77.03
  1170.05	-44.43	1170.05	-74.45	1195.95	-77.2
  1172.55	-45.86	1172.55	-74.62	1198.5	-77.35
  1175.05	-47.27	1175.05	-74.78	1201.05	-77.5
  1177.55	-48.64	1177.55	-74.91	1203.6	-77.63
  1180.05	-49.98	1180.05	-75.03	1206.15	-77.75
  1182.55	-51.29	1182.55	-74.92	1208.7	-77.86
  1185.05	-52.57	1185.05	-68.19	1211.25	-77.97
  1187.55	-53.81	1187.55	-12.19	1213.8	-78.06
  1190.05	-55.03	1190.05	-17.07	1216.35	-78.15
  1192.55	-56.21	1192.55	-21.85	1218.9	-78.23
  1195.05	-57.36	1195.05	-26.24	1221.45	-78.3
  1197.55	-58.48	1197.55	-30.39	1224	-78.37
  1200.05	-59.56	1200.05	-34.29	1226.55	-78.44
  1202.55	-60.6	1202.55	-37.91	1229.1	-78.5
  1205.05	-61.61	1205.05	-41.24	1231.65	-78.17
  1207.55	-62.57	1207.55	-44.3	1234.2	-11.28
  1210.05	-63.5	1210.05	-47.12	1236.75	-0.99
  1212.55	-64.39	1212.55	-49.72	1239.3	-8.9
  1215.05	-65.24	1215.05	-52.14	1241.85	-12.05
  1217.55	-66.04	1217.55	-54.38	1244.4	-14.03
  1220.05	-66.81	1220.05	-56.45	1246.95	-15.49
  1222.55	-67.53	1222.55	-58.37	1249.5	-16.61
  1225.05	-68.21	1225.05	-60.13	1252.05	-17.47
  1227.55	-68.85	1227.55	-61.76	1254.6	-18.14
  1230.05	-69.45	1230.05	-63.24	1257.15	-18.66
  1232.55	-70.02	1232.55	-64.6	1259.7	-19.08
  1235.05	-70.54	1235.05	-65.83	1262.25	-19.41
  1237.55	-71.03	1237.55	-66.95	1264.8	-19.68
  1240.05	-71.49	1240.05	-67.95	1267.35	-19.89
  1242.55	-71.91	1242.55	-68.85	1269.9	-20.08
  1245.05	-72.3	1245.05	-69.66	1272.45	-20.24
  1247.55	-72.67	1247.55	-70.38	1275	-20.37
  1250.05	-73	1250.05	-71.02	1277.55	-20.5
  1252.55	-73.31	1252.55	-71.59	1280.1	-20.61
  1255.05	-73.6	1255.05	-72.09	1282.65	-20.73
  1257.55	-73.86	1257.55	-72.54	1285.2	-20.84
  1260.05	-74.11	1260.05	-72.94	1287.75	-20.95
  1262.55	-74.33	1262.55	-73.29	1290.3	-21.07
  1265.05	-74.54	1265.05	-73.6	1292.85	-21.19
  1267.55	-74.73	1267.55	-73.87	1295.4	-21.32
  1270.05	-74.9	1270.05	-74.11	1297.95	-21.45
  1272.55	-74.99	1272.55	-74.33	1300.5	-21.6
  1275.05	-72.69	1275.05	-74.52	1303.05	-21.76
  1277.55	-14.67	1277.55	-74.69	1305.6	-21.93
  1280.05	-12.89	1280.05	-74.84	1308.15	-22.11
  1282.55	-16.03	1282.55	-74.97	1310.7	-22.3
  1285.05	-18.6	1285.05	-75.01	1313.25	-22.51
  1287.55	-20.84	1287.55	-72.74	1315.8	-22.74
  1290.05	-22.9	1290.05	-18.17	1318.35	-22.97
  1292.55	-24.84	1292.55	-15.7	1320.9	-23.23
  1295.05	-26.71	1295.05	-20.6	1323.45	-23.49
  1297.55	-28.52	1297.55	-25.06	1326	-23.78
  1300.05	-30.28	1300.05	-29.27	1328.55	-24.08
  1302.55	-32	1302.55	-33.25	1331.1	-24.39
  1305.05	-33.69	1305.05	-36.95	1333.65	-24.72
  1307.55	-35.35	1307.55	-40.37	1336.2	-25.07
  1310.05	-36.97	1310.05	-43.51	1338.75	-25.43
  1312.55	-38.57	1312.55	-46.4	1341.3	-25.81
  1315.05	-40.13	1315.05	-49.07	1343.85	-26.21
  1317.55	-41.67	1317.55	-51.55	1346.4	-26.62
  1320.05	-43.17	1320.05	-53.84	1348.95	-27.05
  1322.55	-44.64	1322.55	-55.97	1351.5	-27.5
  1325.05	-46.08	1325.05	-57.93	1354.05	-27.96
  1327.55	-47.49	1327.55	-59.75	1356.6	-28.43
  1330.05	-48.87	1330.05	-61.42	1359.15	-28.92
  1332.55	-50.22	1332.55	-62.95	1361.7	-29.43
  1335.05	-51.53	1335.05	-64.34	1364.25	-29.95
  1337.55	-52.82	1337.55	-65.61	1366.8	-30.49
  1340.05	-54.07	1340.05	-66.76	1369.35	-31.04
  1342.55	-55.29	1342.55	-67.8	1371.9	-31.61
  1345.05	-56.48	1345.05	-68.73	1374.45	-32.19
  1347.55	-57.63	1347.55	-69.57	1377	-32.78
  1350.05	-58.75	1350.05	-70.31	1379.55	-33.38
  1352.55	-59.83	1352.55	-70.97	1382.1	-34
  1355.05	-60.87	1355.05	-71.56	1384.65	-34.63
  1357.55	-61.88	1357.55	-72.08	1387.2	-35.27
  1360.05	-62.85	1360.05	-72.54	1389.75	-35.92
  1362.55	-63.77	1362.55	-72.95	1392.3	-36.58
  1365.05	-64.66	1365.05	-73.31	1394.85	-37.25
  1367.55	-65.5	1367.55	-73.63	1397.4	-37.93
  1370.05	-66.3	1370.05	-73.91	1399.95	-38.62
  1372.55	-67.06	1372.55	-74.16	1402.5	-39.32
  1375.05	-67.78	1375.05	-74.38	1405.05	-40.03
  1377.55	-68.46	1377.55	-74.58	1407.6	-40.74
  1380.05	-69.09	1380.05	-74.75	1410.15	-41.46
  1382.55	-69.69	1382.55	-74.91	1412.7	-42.18
  1385.05	-70.24	1385.05	-75.04	1415.25	-42.91
  1387.55	-70.76	1387.55	-75.1	1417.8	-43.65
  1390.05	-71.24	1390.05	-73.43	1420.35	-44.39
  1392.55	-71.69	1392.55	-26.37	1422.9	-45.14
  1395.05	-72.11	1395.05	-15.21	1425.45	-45.89
  1397.55	-72.49	1397.55	-20.15	1428	-46.64
  1400.05	-72.85	1400.05	-24.64	1430.55	-47.4
  1402.55	-73.18	1402.55	-28.87	1433.1	-48.16
  1405.05	-73.48	1405.05	-32.88	1435.65	-48.92
  1407.55	-73.76	1407.55	-36.61	1438.2	-49.68
  1410.05	-74	1410.05	-40.06	1440.75	-50.45
  1412.55	-74	1412.55	-43.23	1443.3	-51.22
  1415.05	-71	1415.05	-46.15	1445.85	-51.99
  1417.55	-28.97	1417.55	-48.84	1448.4	-52.76
  1420.05	-16.62	1420.05	-51.34	1450.95	-53.53
  1422.55	-18.92	1422.55	-53.66	1453.5	-54.3
  1425.05	-21.15	1425.05	-55.8	1456.05	-55.08
  1427.55	-23.22	1427.55	-57.79	1458.6	-55.85
  1430.05	-25.16	1430.05	-59.62	1461.15	-56.62
  1432.55	-27.02	1432.55	-61.31	1463.7	-57.38
  1435.05	-28.83	1435.05	-62.85	1466.25	-58.15
  1437.55	-30.6	1437.55	-64.26	1468.8	-58.91
  1440.05	-32.35	1440.05	-65.55	1471.35	-59.67
  1442.55	-34.09	1442.55	-66.71	1473.9	-60.42
  1445.05	-35.8	1445.05	-67.76	1476.45	-61.16
  1447.55	-37.5	1447.55	-68.7	1479	-61.9
  1450.05	-39.17	1450.05	-69.54	1481.55	-62.62
  1452.55	-40.83	1452.55	-70.3	1484.1	-63.34
  1455.05	-42.45	1455.05	-70.97	1486.65	-64.04
  1457.55	-44.05	1457.55	-71.56	1489.2	-64.73
  1460.05	-45.62	1460.05	-72.09	1491.75	-65.4
  1462.55	-47.16	1462.55	-72.55	1494.3	-66.06
  1465.05	-48.67	1465.05	-72.97	1496.85	-66.7
  1467.55	-50.14	1467.55	-73.33	1499.4	-67.32
  1470.05	-51.59	1470.05	-73.65	1501.95	-67.93
  1472.55	-53	1472.55	-73.94	1504.5	-68.51
  1475.05	-54.38	1475.05	-74.19	1507.05	-69.07
  1477.55	-55.73	1477.55	-74.41	1509.6	-69.61
  1480.05	-57.04	1480.05	-74.61	1512.15	-70.13
  1482.55	-58.31	1482.55	-74.78	1514.7	-70.63
  1485.05	-59.54	1485.05	-74.94	1517.25	-71.1
  1487.55	-60.73	1487.55	-75.08	1519.8	-71.55
  1490.05	-61.88	1490.05	-75.18	1522.35	-71.98
  1492.55	-62.99	1492.55	-74.67	1524.9	-72.38
  1495.05	-64.04	1495.05	-56.5	1527.45	-72.77
  1497.55	-65.05	1497.55	-13.42	1530	-73.13
  1500.05	-66.01	1500.05	-18.53	1532.55	-73.47
  1502.55	-66.92	1502.55	-23.16	1535.1	-73.79
  1505.05	-67.77	1505.05	-27.47	1537.65	-74.09
  1507.55	-68.58	1507.55	-31.56	1540.2	-74.38
  1510.05	-69.34	1510.05	-35.4	1542.75	-74.64
  1512.55	-70.04	1512.55	-38.94	1545.3	-74.88
  1515.05	-70.7	1515.05	-42.21	1547.85	-74.99
  1517.55	-71.31	1517.55	-45.21	1550.4	-73.28
  1520.05	-71.88	1520.05	-47.98	1552.95	-16.87
  1522.55	-72.4	1522.55	-50.54	1555.5	-6.16
  1525.05	-72.88	1525.05	-52.92	1558.05	-12.44
  1527.55	-73.32	1527.55	-55.12	1560.6	-15.33
  1530.05	-73.73	1530.05	-57.16	1563.15	-17.18
  1532.55	-74.1	1532.55	-59.04	1565.7	-18.54
  1535.05	-74.44	1535.05	-60.78	1568.25	-19.57
  1537.55	-74.75	1537.55	-62.37	1570.8	-20.38
  1540.05	-75.03	1540.05	-63.83	1573.35	-21.03
  1542.55	-75.29	1542.55	-65.15	1575.9	-21.54
  1545.05	-75.53	1545.05	-66.36	1578.45	-21.97
  1547.55	-75.74	1547.55	-67.44	1581	-22.34
  1550.05	-75.94	1550.05	-68.42	1583.55	-22.65
  1552.55	-76.11	1552.55	-69.29	1586.1	-22.93
  1555.05	-76.28	1555.05	-70.08	1588.65	-23.19
  1557.55	-76.42	1557.55	-70.77	1591.2	-23.43
  1560.05	-76.29	1560.05	-71.39	1593.75	-23.66
  1562.55	-61.21	1562.55	-71.94	1596.3	-23.9
  1565.05	-8.66	1565.05	-72.42	1598.85	-24.13
  1567.55	-12.54	1567.55	-72.85	1601.4	-24.37
  1570.05	-15.54	1570.05	-73.23	1603.95	-24.62
  1572.55	-17.96	1572.55	-73.57	1606.5	-24.89
  1575.05	-20.13	1575.05	-73.86	1609.05	-25.16
  1577.55	-22.15	1577.55	-74.12	1611.6	-25.46
  1580.05	-24.08	1580.05	-74.35	1614.15	-25.77
  1582.55	-25.93	1582.55	-74.56	1616.7	-26.11
  1585.05	-27.73	1585.05	-74.74	1619.25	-26.47
  1587.55	-29.48	1587.55	-74.9	1621.8	-26.85
  1590.05	-31.19	1590.05	-75.04	1624.35	-27.25
  1592.55	-32.87	1592.55	-75.04	1626.9	-27.68
  1595.05	-34.52	1595.05	-71.92	1629.45	-28.13
  1597.55	-36.14	1597.55	-15.35	1632	-28.61
  1600.05	-37.73	1600.05	-16.37	1634.55	-29.12
  1602.55	-39.29	1602.55	-21.17	1637.1	-29.66
  1605.05	-40.82	1605.05	-25.59	1639.65	-30.21
  1607.55	-42.32	1607.55	-29.77	1642.2	-30.8
  1610.05	-43.79	1610.05	-33.72	1644.75	-31.41
  1612.55	-45.23	1612.55	-37.4	1647.3	-32.05
  1615.05	-46.64	1615.05	-40.79	1649.85	-32.71
  1617.55	-48.02	1617.55	-43.92	1652.4	-33.39
  1620.05	-49.36	1620.05	-46.79	1654.95	-34.1
  1622.55	-50.67	1622.55	-49.45	1657.5	-34.83
  1625.05	-51.96	1625.05	-51.92	1660.05	-35.58
  1627.55	-53.21	1627.55	-54.21	1662.6	-36.35
  1630.05	-54.43	1630.05	-56.33	1665.15	-37.14
  1632.55	-55.61	1632.55	-58.29	1667.7	-37.95
  1635.05	-56.77	1635.05	-60.1	1670.25	-38.77
  1637.55	-57.89	1637.55	-61.76	1672.8	-39.61
  1640.05	-58.98	1640.05	-63.28	1675.35	-40.46
  1642.55	-60.03	1642.55	-64.67	1677.9	-41.33
  1645.05	-61.04	1645.05	-65.93	1680.45	-42.21
  1647.55	-62.02	1647.55	-67.08	1683	-43.09
  1650.05	-62.96	1650.05	-68.1	1685.55	-43.99
  1652.55	-63.86	1652.55	-69.02	1688.1	-44.9
  1655.05	-64.72	1655.05	-69.85	1690.65	-45.82
  1657.55	-65.53	1657.55	-70.58	1693.2	-46.74
  1660.05	-66.31	1660.05	-71.24	1695.75	-47.67
  1662.55	-67.05	1662.55	-71.82	1698.3	-48.61
  1665.05	-67.75	1665.05	-72.33	1700.85	-49.55
  1667.55	-68.4	1667.55	-72.78	1703.4	-50.5
  1670.05	-69.02	1670.05	-73.18	1705.95	-51.45
  1672.55	-69.6	1672.55	-73.53	1708.5	-52.4
  1675.05	-70.14	1675.05	-73.85	1711.05	-53.36
  1677.55	-70.64	1677.55	-74.12	1713.6	-54.31
  1680.05	-71.11	1680.05	-74.36	1716.15	-55.27
  1682.55	-71.55	1682.55	-74.58	1718.7	-56.23
  1685.05	-71.96	1685.05	-74.77	1721.25	-57.18
  1687.55	-72.33	1687.55	-74.94	1723.8	-58.13
  1690.05	-72.68	1690.05	-75.09	1726.35	-59.07
  1692.55	-73.01	1692.55	-75.22	1728.9	-60.01
  1695.05	-73.3	1695.05	-75.22	1731.45	-60.93
  1697.55	-73.58	1697.55	-71.84	1734	-61.84
  1700.05	-73.83	1700.05	-13.2	1736.55	-62.74
  1702.55	-74.07	1702.55	-16.05	1739.1	-63.62
  1705.05	-74.29	1705.05	-20.92	1741.65	-64.48
  1707.55	-74.49	1707.55	-25.36	1744.2	-65.31
  1710.05	-74.64	1710.05	-29.56	1746.75	-66.13
  1712.55	-74.01	1712.55	-33.53	1749.3	-66.91
  1715.05	-55.7	1715.05	-37.22	1751.85	-67.67
  1717.55	-12.76	1717.55	-40.63	1754.4	-68.39
  1720.05	-15.71	1720.05	-43.76	1756.95	-69.09
  1722.55	-18.41	1722.55	-46.65	1759.5	-69.75
  1725.05	-20.74	1725.05	-49.32	1762.05	-70.38
  1727.55	-22.87	1727.55	-51.79	1764.6	-70.97
  1730.05	-24.87	1730.05	-54.09	1767.15	-71.54
  1732.55	-26.79	1732.55	-56.21	1769.7	-72.06
  1735.05	-28.64	1735.05	-58.18	1772.25	-72.56
  1737.55	-30.43	1737.55	-59.99	1774.8	-73.02
  1740.05	-32.18	1740.05	-61.66	1777.35	-73.45
  1742.55	-33.89	1742.55	-63.19	1779.9	-73.86
  1745.05	-35.57	1745.05	-64.58	1782.45	-74.23
  1747.55	-37.21	1747.55	-65.85	1785	-74.58
  1750.05	-38.82	1750.05	-66.99	1787.55	-74.9
  1752.55	-40.39	1752.55	-68.03	1790.1	-75.2
  1755.05	-41.94	1755.05	-68.95	1792.65	-75.47
  1757.55	-43.45	1757.55	-69.78	1795.2	-75.72
  1760.05	-44.93	1760.05	-70.52	1797.75	-75.96
  1762.55	-46.38	1762.55	-71.17	1800.3	-76.17
  1765.05	-47.8	1765.05	-71.75	1802.85	-76.37
  1767.55	-49.19	1767.55	-72.27	1805.4	-76.56
  1770.05	-50.54	1770.05	-72.72	1807.95	-76.73
  1772.55	-51.86	1772.55	-73.13	1810.5	-76.88
  1775.05	-53.16	1775.05	-73.48	1813.05	-77.03
  1777.55	-54.41	1777.55	-73.8	1815.6	-77.16
  1780.05	-55.64	1780.05	-74.07	1818.15	-77.28
  1782.55	-56.83	1782.55	-74.32	1820.7	-77.4
  1785.05	-57.99	1785.05	-74.53	1823.25	-77.51
  1787.55	-59.11	1787.55	-74.72	1825.8	-77.6
  1790.05	-60.19	1790.05	-74.89	1828.35	-77.7
  1792.55	-61.24	1792.55	-75.05	1830.9	-77.78
  1795.05	-62.25	1795.05	-75.18	1833.45	-76.96
  1797.55	-63.21	1797.55	-75.18	1836	7.36
  1800.05	-64.14	1800.05	-72.06	1838.55	-4.88
  1802.55	-65.02	1802.55	-13.93	1841.1	-10.32
  1805.05	-65.86	1805.05	-15.99	1843.65	-12.95
  1807.55	-66.66	1807.55	-20.88	1846.2	-14.7
  1810.05	-67.41	1810.05	-25.33	1848.75	-16
  1812.55	-68.12	1812.55	-29.53	1851.3	-17
  1815.05	-68.79	1815.05	-33.51	1853.85	-17.77
  1817.55	-69.42	1817.55	-37.21	1856.4	-18.37
  1820.05	-70.01	1820.05	-40.62	1858.95	-18.84
  1822.55	-70.55	1822.55	-43.76	1861.5	-19.21
  1825.05	-71.06	1825.05	-46.65	1864.05	-19.5
  1827.55	-71.54	1827.55	-49.32	1866.6	-19.73
  1830.05	-71.97	1830.05	-51.8	1869.15	-19.93
  1832.55	-72.38	1832.55	-54.1	1871.7	-20.09
  1835.05	-72.76	1835.05	-56.23	1874.25	-20.22
  1837.55	-73.1	1837.55	-58.2	1876.8	-20.34
  1840.05	-73.42	1840.05	-60.01	1879.35	-20.45
  1842.55	-73.71	1842.55	-61.68	1881.9	-20.55
  1845.05	-73.91	1845.05	-63.21	1884.45	-20.64
  1847.55	-73.2	1847.55	-64.61	1887	-20.74
  1850.05	-62	1850.05	-65.88	1889.55	-20.84
  1852.55	-17.27	1852.55	-67.02	1892.1	-20.94
  1855.05	-18.71	1855.05	-68.06	1894.65	-21.05
  1857.55	-20.87	1857.55	-68.98	1897.2	-21.16
  1860.05	-22.95	1860.05	-69.81	1899.75	-21.28
  1862.55	-24.92	1862.55	-70.55	1902.3	-21.42
  1865.05	-26.8	1865.05	-71.21	1904.85	-21.56
  1867.55	-28.63	1867.55	-71.79	1907.4	-21.72
  1870.05	-30.41	1870.05	-72.3	1909.95	-21.88
  1872.55	-32.16	1872.55	-72.76	1912.5	-22.07
  1875.05	-33.88	1875.05	-73.16	1915.05	-22.26
  1877.55	-35.58	1877.55	-73.52	1917.6	-22.47
  1880.05	-37.26	1880.05	-73.83	1920.15	-22.69
  1882.55	-38.92	1882.55	-74.11	1922.7	-22.93
  1885.05	-40.56	1885.05	-74.35	1925.25	-23.19
  1887.55	-42.17	1887.55	-74.56	1927.8	-23.46
  1890.05	-43.75	1890.05	-74.76	1930.35	-23.75
  1892.55	-45.31	1892.55	-74.93	1932.9	-24.05
  1895.05	-46.85	1895.05	-75.07	1935.45	-24.37
  1897.55	-48.35	1897.55	-75.07	1938	-24.71
  1900.05	-49.83	1900.05	-72.02	1940.55	-25.06
  1902.55	-51.28	1902.55	-16.2	1943.1	-25.43
  1905.05	-52.7	1905.05	-16.48	1945.65	-25.82
  1907.55	-54.09	1907.55	-21.25	1948.2	-26.23
  1910.05	-55.44	1910.05	-25.65	1950.75	-26.65
  1912.55	-56.76	1912.55	-29.83	1953.3	-27.09
  1915.05	-58.05	1915.05	-33.78	1955.85	-27.54
  1917.55	-59.3	1917.55	-37.47	1958.4	-28.01
  1920.05	-60.51	1920.05	-40.86	1960.95	-28.5
  1922.55	-61.68	1922.55	-43.99	1963.5	-29
  1925.05	-62.8	1925.05	-46.87	1966.05	-29.52
  1927.55	-63.88	1927.55	-49.54	1968.6	-30.06
  1930.05	-64.92	1930.05	-52.01	1971.15	-30.61
  1932.55	-65.9	1932.55	-54.31	1973.7	-31.18
  1935.05	-66.83	1935.05	-56.44	1976.25	-31.76
  1937.55	-67.71	1937.55	-58.4	1978.8	-32.35
  1940.05	-68.55	1940.05	-60.22	1981.35	-32.96
  1942.55	-69.33	1942.55	-61.89	1983.9	-33.58
  1945.05	-70.06	1945.05	-63.41	1986.45	-34.21
  1947.55	-70.74	1947.55	-64.81	1989	-34.86
  1950.05	-71.37	1950.05	-66.07	1991.55	-35.52
  1952.55	-71.95	1952.55	-67.21	1994.1	-36.19
  1955.05	-72.49	1955.05	-68.24	1996.65	-36.87
  1957.55	-72.99	1957.55	-69.16	1999.2	-37.56
  1960.05	-73.44	1960.05	-69.99	2001.75	-38.26
  1962.55	-73.86	1962.55	-70.72	2004.3	-38.97
  1965.05	-74.25	1965.05	-71.37	2006.85	-39.68
  1967.55	-74.59	1967.55	-71.95	2009.4	-40.41
  1970.05	-74.91	1970.05	-72.46	2011.95	-41.14
  1972.55	-75.2	1972.55	-72.91	2014.5	-41.88
  1975.05	-75.47	1975.05	-73.31	2017.05	-42.62
  1977.55	-75.71	1977.55	-73.66	2019.6	-43.37
  1980.05	-75.92	1980.05	-73.97	2022.15	-44.13
  1982.55	-76.12	1982.55	-74.25	2024.7	-44.89
  1985.05	-76.3	1985.05	-74.49	2027.25	-45.66
  1987.55	-76.47	1987.55	-74.7	2029.8	-46.43
  1990.05	-76.61	1990.05	-74.89	2032.35	-47.2
  1992.55	-76.75	1992.55	-75.05	2034.9	-47.97
  1995.05	-76.87	1995.05	-75.2	2037.45	-48.75
  1997.55	-76.82	1997.55	-75.31	2040	-49.54
  2000.05	-65.83	2000.05	-74.72	2042.55	-50.32
  2002.55	-7.02	2002.55	-54.88	2045.1	-51.11
  2005.05	-11.35	2005.05	-13.71	2047.65	-51.89
  2007.55	-14.58	2007.55	-18.76	2050.2	-52.68
  2010.05	-17.08	2010.05	-23.35	2052.75	-53.47
  2012.55	-19.29	2012.55	-27.65	2055.3	-54.26
  2015.05	-21.34	2015.05	-31.73	2057.85	-55.05
  2017.55	-23.27	2017.55	-35.56	2060.4	-55.84
  2020.05	-25.13	2020.05	-39.1	2062.95	-56.63
  2022.55	-26.93	2022.55	-42.37	2065.5	-57.42
  2025.05	-28.68	2025.05	-45.37	2068.05	-58.2
  2027.55	-30.39	2027.55	-48.15	2070.6	-58.98
  2030.05	-32.08	2030.05	-50.72	2073.15	-59.75
  2032.55	-33.74	2032.55	-53.1	2075.7	-60.52
  2035.05	-35.37	2035.05	-55.31	2078.25	-61.28
  2037.55	-36.97	2037.55	-57.36	2080.8	-62.03
  2040.05	-38.54	2040.05	-59.25	2083.35	-62.77
  2042.55	-40.09	2042.55	-60.99	2085.9	-63.5
  2045.05	-41.6	2045.05	-62.59	2088.45	-64.22
  2047.55	-43.09	2047.55	-64.05	2091	-64.92
  2050.05	-44.54	2050.05	-65.38	2093.55	-65.6
  2052.55	-45.96	2052.55	-66.58	2096.1	-66.27
  2055.05	-47.35	2055.05	-67.67	2098.65	-66.92
  2057.55	-48.71	2057.55	-68.65	2101.2	-67.55
  2060.05	-50.03	2060.05	-69.52	2103.75	-68.16
  2062.55	-51.33	2062.55	-70.3	2106.3	-68.75
  2065.05	-52.59	2065.05	-70.99	2108.85	-69.32
  2067.55	-53.82	2067.55	-71.61	2111.4	-69.86
  2070.05	-55.02	2070.05	-72.15	2113.95	-70.38
  2072.55	-56.18	2072.55	-72.63	2116.5	-70.88
  2075.05	-57.31	2075.05	-73.06	2119.05	-71.35
  2077.55	-58.41	2077.55	-73.43	2121.6	-71.8
  2080.05	-59.47	2080.05	-73.76	2124.15	-72.23
  2082.55	-60.5	2082.55	-74.06	2126.7	-72.63
  2085.05	-61.48	2085.05	-74.31	2129.25	-73.01
  2087.55	-62.43	2087.55	-74.54	2131.8	-73.37
  2090.05	-63.35	2090.05	-74.74	2134.35	-73.71
  2092.55	-64.22	2092.55	-74.92	2136.9	-74.03
  2095.05	-65.05	2095.05	-75.08	2139.45	-74.32
  2097.55	-65.84	2097.55	-75.21	2142	-74.6
  2100.05	-66.59	2100.05	-75.12	2144.55	-74.86
  2102.55	-67.3	2102.55	-69.45	2147.1	-75.11
  2105.05	-67.97	2105.05	-12.72	2149.65	-75.34
  2107.55	-68.61	2107.55	-17.09	2152.2	-75.55
  2110.05	-69.2	2110.05	-21.83	2154.75	-75.75
  2112.55	-69.75	2112.55	-26.21	2157.3	-75.94
  2115.05	-70.27	2115.05	-30.37	2159.85	-76.11
  2117.55	-70.76	2117.55	-34.3	2162.4	-76.27
  2120.05	-71.21	2120.05	-37.94	2164.95	-76.42
  2122.55	-71.63	2122.55	-41.3	2167.5	-76.57
  2125.05	-72.02	2125.05	-44.4	2170.05	-76.7
  2127.55	-72.38	2127.55	-47.25	2172.6	-76.83
  2130.05	-72.72	2130.05	-49.89	2175.15	-76.94
  2132.55	-73.03	2132.55	-52.34	2177.7	-77.05
  2135.05	-73.31	2135.05	-54.61	2180.25	-77.15
  2137.55	-73.58	2137.55	-56.71	2182.8	-77.25
  2140.05	-73.82	2140.05	-58.66	2185.35	-77.34
  2142.55	-74.03	2142.55	-60.45	2187.9	-77.43
  2145.05	-73.98	2145.05	-62.1	2190.45	-77.51
  2147.55	-70.29	2147.55	-63.61	2193	-77.59
  2150.05	-19.42	2150.05	-64.98	2195.55	-77.66
  2152.55	-15.94	2152.55	-66.23	2198.1	-77.73
  2155.05	-18.48	2155.05	-67.36	2200.65	-77.79
  2157.55	-20.83	2157.55	-68.37	2203.2	-77.86
  2160.05	-22.98	2160.05	-69.28	2205.75	-77.92
  2162.55	-24.99	2162.55	-70.09	2208.3	-77.97
  2165.05	-26.91	2165.05	-70.81	2210.85	-78.03
  2167.55	-28.77	2167.55	-71.45	2213.4	-78.08
  2170.05	-30.59	2170.05	-72.02	2215.95	-78.13
  2172.55	-32.36	2172.55	-72.52	2218.5	-78.17
  2175.05	-34.11	2175.05	-72.96	2221.05	-78.22
  2177.55	-35.82	2177.55	-73.35	2223.6	-78.26
  2180.05	-37.5	2180.05	-73.7	2226.15	-78.31
  2182.55	-39.15	2182.55	-74	2228.7	-78.35
  2185.05	-40.78	2185.05	-74.27	2231.25	-78.39
  2187.55	-42.37	2187.55	-74.51	2233.8	-78.43
  2190.05	-43.93	2190.05	-74.71	2236.35	-78.46
  2192.55	-45.46	2192.55	-74.9	2238.9	-78.5
  2195.05	-46.96	2195.05	-75.06	2241.45	-78.54
  2197.55	-48.42	2197.55	-75.18	2244	-78.57
  2200.05	-49.86	2200.05	-74.71	2246.55	-78.6
  2202.55	-51.26	2202.55	-60.39	2249.1	-78.64
  2205.05	-52.63	2205.05	-13.93	2251.65	-78.67
  2207.55	-53.97	2207.55	-18.8	2254.2	-78.7
  2210.05	-55.27	2210.05	-23.36	2256.75	-78.73
  2212.55	-56.54	2212.55	-27.65	2259.3	-78.76
  2215.05	-57.77	2215.05	-31.73	2261.85	-78.79
  2217.55	-58.96	2217.55	-35.57	2264.4	-78.81
  2220.05	-60.12	2220.05	-39.12	2266.95	-78.84
  2222.55	-61.23	2222.55	-42.39	2269.5	-78.87
  2225.05	-62.31	2225.05	-45.41	2272.05	-78.9
  2227.55	-63.33	2227.55	-48.19	2274.6	-78.92
  2230.05	-64.32	2230.05	-50.77	2277.15	-78.95
  2232.55	-65.25	2232.55	-53.16	2279.7	-78.97
  2235.05	-66.14	2235.05	-55.38	2282.25	-79
  2237.55	-66.99	2237.55	-57.44	2284.8	-79.02
  2240.05	-67.78	2240.05	-59.33	2287.35	-79.05
  2242.55	-68.53	2242.55	-61.08	2289.9	-79.07
  2245.05	-69.23	2245.05	-62.69	2292.45	-79.09
  2247.55	-69.89	2247.55	-64.15	2295	-79.11
  2250.05	-70.5	2250.05	-65.49	2297.55	-79.14
  2252.55	-71.07	2252.55	-66.7	2300.1	-79.16
  2255.05	-71.6	2255.05	-67.79	2302.65	-79.18
  2257.55	-72.09	2257.55	-68.77	2305.2	-79.2
  2260.05	-72.54	2260.05	-69.64	2307.75	-79.22
  2262.55	-72.95	2262.55	-70.42	2310.3	-79.24
  2265.05	-73.34	2265.05	-71.12	2312.85	-79.26
  2267.55	-73.69	2267.55	-71.73	2315.4	-79.28
  2270.05	-74.01	2270.05	-72.28	2317.95	-79.3
  2272.55	-74.31	2272.55	-72.76	2320.5	-79.32
  2275.05	-74.58	2275.05	-73.18	2323.05	-79.34
  2277.55	-74.8	2277.55	-73.56	2325.6	-79.36
  2280.05	-74.39	2280.05	-73.89	2328.15	-79.38
  2282.55	-60.53	2282.55	-74.18	2330.7	-79.4
  2285.05	-14.42	2285.05	-74.43	2333.25	-79.42
  2287.55	-16.76	2287.55	-74.66	2335.8	-79.43
  2290.05	-19.16	2290.05	-74.86	2338.35	-79.45
  2292.55	-21.33	2292.55	-75.03	2340.9	-79.47
  2295.05	-23.36	2295.05	-75.19	2343.45	-79.49
  2297.55	-25.31	2297.55	-75.31	2346	-79.5
  2300.05	-27.18	2300.05	-75.04	2348.55	-79.52
  2302.55	-29	2302.55	-64.28	2351.1	-79.54
  2305.05	-30.77	2305.05	-13.02	2353.65	-79.55
  2307.55	-32.5	2307.55	-17.97	2356.2	-79.57
  2310.05	-34.2	2310.05	-22.62	2358.75	-79.59
  2312.55	-35.86	2312.55	-26.95	2361.3	-79.6
  2315.05	-37.5	2315.05	-31.07	2363.85	-79.62
  2317.55	-39.1	2317.55	-34.95	2366.4	-79.63
  2320.05	-40.67	2320.05	-38.55	2368.95	-79.65
  2322.55	-42.21	2322.55	-41.87	2371.5	-79.66
  2325.05	-43.73	2325.05	-44.92	2374.05	-79.68
  2327.55	-45.21	2327.55	-47.74	2376.6	-79.69
  2330.05	-46.66	2330.05	-50.35	2379.15	-79.71
  2332.55	-48.09	2332.55	-52.77	2381.7	-79.72
  2335.05	-49.48	2335.05	-55.01	2384.25	-79.73
  2337.55	-50.85	2337.55	-57.09	2386.8	-79.75
  2340.05	-52.19	2340.05	-59.01	2389.35	-79.76
  2342.55	-53.49	2342.55	-60.78	2391.9	-79.78
  2345.05	-54.77	2345.05	-62.41	2394.45	-79.79
  2347.55	-56.01	2347.55	-63.9	2397	-79.8
  2350.05	-57.22	2350.05	-65.25	2399.55	-79.82
  2352.55	-58.39	2352.55	-66.48	2402.1	-79.83
  2355.05	-59.53	2355.05	-67.58	2404.65	-79.84
  2357.55	-60.64	2357.55	-68.58	2407.2	-79.85
  2360.05	-61.7	2360.05	-69.47	2409.75	-79.87
  2362.55	-62.73	2362.55	-70.26	2412.3	-79.88
  2365.05	-63.72	2365.05	-70.97	2414.85	-79.89
  2367.55	-64.66	2367.55	-71.6	2417.4	-79.9
  2370.05	-65.56	2370.05	-72.15	2419.95	-79.91
  2372.55	-66.41	2372.55	-72.64	2422.5	-79.93
  2375.05	-67.23	2375.05	-73.08	2425.05	-79.94
  2377.55	-67.99	2377.55	-73.46	2427.6	-79.95
  2380.05	-68.71	2380.05	-73.8	2430.15	-79.96
  2382.55	-69.39	2382.55	-74.09	2432.7	-79.97
  2385.05	-70.02	2385.05	-74.35	2435.25	-79.98
  2387.55	-70.61	2387.55	-74.58	2437.8	-79.99
  2390.05	-71.16	2390.05	-74.79	2440.35	-80
  2392.55	-71.67	2392.55	-74.97	2442.9	-80.02
  2395.05	-72.14	2395.05	-75.13	2445.45	-80.03
  2397.55	-72.58	2397.55	-75.23	2448	-80.04
  2400.05	-72.98	2400.05	-74.38	2450.55	-80.05
  2402.55	-73.35	2402.55	-50.59	2453.1	-80.06
  2405.05	-73.69	2405.05	-14.58	2455.65	-80.07
  2407.55	-74.01	2407.55	-19.48	2458.2	-80.08
  2410.05	-74.29	2410.05	-24	2460.75	-80.09
  2412.55	-74.56	2412.55	-28.26	2463.3	-80.1
  2415.05	-74.8	2415.05	-32.31	2465.85	-80.11
  2417.55	-75.02	2417.55	-36.1	2468.4	-80.12
  2420.05	-75.22	2420.05	-39.62	2470.95	-80.12
  2422.55	-75.41	2422.55	-42.85	2473.5	-80.13
  2425.05	-75.58	2425.05	-45.83	2476.05	-80.14
  2427.55	-75.74	2427.55	-48.59	2478.6	-80.15
  2430.05	-75.88	2430.05	-51.14	2481.15	-80.16
  2432.55	-75.96	2432.55	-53.51	2483.7	-80.17
  2435.05	-73.83	2435.05	-55.71	2486.25	-80.18
  2437.55	-9.65	2437.55	-57.74	2488.8	-80.19
  2440.05	-10.96	2440.05	-59.62	2491.35	-80.2
  2442.55	-14.53	2442.55	-61.35	2493.9	-80.2
  2445.05	-17.24	2445.05	-62.93	2496.45	-80.21
  2447.55	-19.54	2447.55	-64.38	2499	-80.22
  2450.05	-21.64	2450.05	-65.7	2501.55	-80.23
  2452.55	-23.61	2452.55	-66.89	2504.1	-80.24
  2455.05	-25.49	2455.05	-67.96	2506.65	-80.25
  2457.55	-27.31	2457.55	-68.93	2509.2	-80.25
  2460.05	-29.08	2460.05	-69.79	2511.75	-80.26
  2462.55	-30.8	2462.55	-70.56	2514.3	-80.27
  2465.05	-32.49	2465.05	-71.24	2516.85	-80.28
  2467.55	-34.16	2467.55	-71.84	2519.4	-80.29
  2470.05	-35.79	2470.05	-72.38	2521.95	-80.29
  2472.55	-37.39	2472.55	-72.85	2524.5	-80.3
  2475.05	-38.97	2475.05	-73.27	2527.05	-80.31
  2477.55	-40.51	2477.55	-73.63	2529.6	-80.31
  2480.05	-42.03	2480.05	-73.96	2532.15	-80.32
  2482.55	-43.51	2482.55	-74.24	2534.7	-80.33
  2485.05	-44.96	2485.05	-74.49	2537.25	-80.34
  2487.55	-46.38	2487.55	-74.71	2539.8	-80.34
  2490.05	-47.77	2490.05	-74.91	2542.35	-80.35
  2492.55	-49.12	2492.55	-75.08	2544.9	-80.36
  2495.05	-50.45	2495.05	-75.23	2547.45	-80.36
  2497.55	-51.74	2497.55	-75.29	2550	-80.37
  2500.05	-53	2500.05	-73.42	2552.55	-80.38
  2502.55	-54.23	2502.55	-25.4	2555.1	-80.38
  2505.05	-55.43	2505.05	-15.55	2557.65	-80.39
  2507.55	-56.59	2507.55	-20.41	2560.2	-80.4
  2510.05	-57.72	2510.05	-24.86	2562.75	-80.4
  2512.55	-58.82	2512.55	-29.08	2565.3	-80.41
  2515.05	-59.88	2515.05	-33.09	2567.85	-80.42
  2517.55	-60.9	2517.55	-36.83	2570.4	-80.42
  2520.05	-61.88	2520.05	-40.28	2572.95	-80.43
  2522.55	-62.83	2522.55	-43.47	2575.5	-80.43
  2525.05	-63.73	2525.05	-46.4	2578.05	-80.44
  2527.55	-64.6	2527.55	-49.12	2580.6	-80.45
  2530.05	-65.43	2530.05	-51.63	2583.15	-80.45
  2532.55	-66.21	2532.55	-53.97	2585.7	-80.46
  2535.05	-66.95	2535.05	-56.13	2588.25	-80.46
  2537.55	-67.66	2537.55	-58.13	2590.8	-80.47
  2540.05	-68.32	2540.05	-59.98	2593.35	-80.48
  2542.55	-68.94	2542.55	-61.68	2595.9	-80.48
  2545.05	-69.53	2545.05	-63.24	2598.45	-80.49
  2547.55	-70.07	2547.55	-64.66	2601	-80.49
  2550.05	-70.58	2550.05	-65.95	2603.55	-80.5
  2552.55	-71.06	2552.55	-67.12	2606.1	-80.5
  2555.05	-71.5	2555.05	-68.17	2608.65	-80.51
  2557.55	-71.91	2557.55	-69.11	2611.2	-80.51
  2560.05	-72.29	2560.05	-69.95	2613.75	-80.52
  2562.55	-72.65	2562.55	-70.7	2616.3	-80.52
  2565.05	-72.97	2565.05	-71.37	2618.85	-80.53
  2567.55	-73.28	2567.55	-71.96	2621.4	-80.53
  2570.05	-73.56	2570.05	-72.48	2623.95	-80.54
  2572.55	-73.81	2572.55	-72.94	2626.5	-80.54
  2575.05	-74	2575.05	-73.34	2629.05	-80.55
  2577.55	-73.49	2577.55	-73.7	2631.6	-80.55
  2580.05	-63.45	2580.05	-74.02	2634.15	-80.56
  2582.55	-15.66	2582.55	-74.29	2636.7	-80.56
  2585.05	-17.47	2585.05	-74.54	2639.25	-80.57
  2587.55	-19.85	2587.55	-74.75	2641.8	-80.57
  2590.05	-22.06	2590.05	-74.94	2644.35	-80.58
  2592.55	-24.11	2592.55	-75.11	2646.9	-80.58
  2595.05	-26.05	2595.05	-75.26	2649.45	-80.59
  2597.55	-27.91	2597.55	-75.34	2652	-80.59
  2600.05	-29.73	2600.05	-74.01	2654.55	-80.6
  2602.55	-31.51	2602.55	-35.79	2657.1	-80.6
  2605.05	-33.28	2605.05	-14.88	2659.65	-80.6
  2607.55	-35.01	2607.55	-19.83	2662.2	-80.61
  2610.05	-36.73	2610.05	-24.34	2664.75	-80.61
  2612.55	-38.42	2612.55	-28.59	2667.3	-80.62
  2615.05	-40.09	2615.05	-32.62	2669.85	-80.62
  2617.55	-41.73	2617.55	-36.4	2672.4	-80.63
  2620.05	-43.34	2620.05	-39.89	2674.95	-80.63
  2622.55	-44.92	2622.55	-43.1	2677.5	-80.63
  2625.05	-46.48	2625.05	-46.07	2680.05	-80.64
  2627.55	-48	2627.55	-48.81	2682.6	-80.64
  2630.05	-49.49	2630.05	-51.34	2685.15	-80.65
  2632.55	-50.94	2632.55	-53.7	2687.7	-80.65
  2635.05	-52.37	2635.05	-55.88	2690.25	-80.65
  2637.55	-53.76	2637.55	-57.9	2692.8	-80.66
  2640.05	-55.11	2640.05	-59.77	2695.35	-80.66
  2642.55	-56.43	2642.55	-61.48	2697.9	-80.67
  2645.05	-57.72	2645.05	-63.06	2700.45	-80.67
  2647.55	-58.96	2647.55	-64.49	2703	-80.67
  2650.05	-60.17	2650.05	-65.8	2705.55	-80.68
  2652.55	-61.33	2652.55	-66.98	2708.1	-80.68
  2655.05	-62.45	2655.05	-68.04	2710.65	-80.68
  2657.55	-63.52	2657.55	-69	2713.2	-80.69
  2660.05	-64.54	2660.05	-69.85	2715.75	-80.69
  2662.55	-65.52	2662.55	-70.61	2718.3	-80.7
  2665.05	-66.44	2665.05	-71.28	2720.85	-80.7
  2667.55	-67.32	2667.55	-71.88	2723.4	-80.7
  2670.05	-68.15	2670.05	-72.41	2725.95	-80.71
  2672.55	-68.92	2672.55	-72.88	2728.5	-80.71
  2675.05	-69.65	2675.05	-73.29	2731.05	-80.71
  2677.55	-70.33	2677.55	-73.65	2733.6	-80.72
  2680.05	-70.96	2680.05	-73.97	2736.15	-80.72
  2682.55	-71.54	2682.55	-74.25	2738.7	-80.72
  2685.05	-72.08	2685.05	-74.5	2741.25	-80.73
  2687.55	-72.58	2687.55	-74.72	2743.8	-80.73
  2690.05	-73.04	2690.05	-74.91	2746.35	-80.73
  2692.55	-73.46	2692.55	-75.08	2748.9	-80.74
  2695.05	-73.85	2695.05	-75.22	2751.45	-80.74
  2697.55	-74.2	2697.55	-75.06	2754	-80.74
  2700.05	-74.53	2700.05	-68.06	2756.55	-80.74
  2702.55	-74.82	2702.55	-13.27	2759.1	-80.75
  2705.05	-75.1	2705.05	-17.72	2761.65	-80.75
  2707.55	-75.34	2707.55	-22.37	2764.2	-80.75
  2710.05	-75.56	2710.05	-26.71	2766.75	-80.76
  2712.55	-75.69	2712.55	-30.84	2769.3	-80.76
  2715.05	-73.24	2715.05	-34.74	2771.85	-80.76
  2717.55	-15.04	2717.55	-38.36	2774.4	-80.77
  2720.05	-13.21	2720.05	-41.7	2776.95	-80.77
  2722.55	-16.1	2722.55	-44.78	2779.5	-80.77
  2725.05	-18.55	2725.05	-47.62	2782.05	-80.77
  2727.55	-20.73	2727.55	-50.25	2784.6	-80.78
  2730.05	-22.79	2730.05	-52.69	2787.15	-80.78
  2732.55	-24.75	2732.55	-54.96	2789.7	-80.78
  2735.05	-26.65	2735.05	-57.06	2792.25	-80.79
  2737.55	-28.48	2737.55	-59	2794.8	-80.79
  2740.05	-30.26	2740.05	-60.78	2797.35	-80.79
  2742.55	-32.01	2742.55	-62.43	2799.9	-80.79
  2745.05	-33.71	2745.05	-63.93	2802.45	-80.8
  2747.55	-35.39	2747.55	-65.29	2805	-80.8
  2750.05	-37.03	2750.05	-66.53	2807.55	-80.8
  2752.55	-38.63	2752.55	-67.65	2810.1	-80.8
  2755.05	-40.21	2755.05	-68.66	2812.65	-80.81
  2757.55	-41.75	2757.55	-69.56	2815.2	-80.81
  2760.05	-43.27	2760.05	-70.36	2817.75	-80.81
  2762.55	-44.75	2762.55	-71.07	2820.3	-80.81
  2765.05	-46.19	2765.05	-71.7	2822.85	-80.82
  2767.55	-47.61	2767.55	-72.26	2825.4	-80.82
  2770.05	-48.99	2770.05	-72.76	2827.95	-80.82
  2772.55	-50.35	2772.55	-73.19	2830.5	-80.82
  2775.05	-51.67	2775.05	-73.58	2833.05	-80.83
  2777.55	-52.96	2777.55	-73.91	2835.6	-80.83
  2780.05	-54.21	2780.05	-74.21	2838.15	-80.83
  2782.55	-55.44	2782.55	-74.47	2840.7	-80.83
  2785.05	-56.63	2785.05	-74.7	2843.25	-80.84
  2787.55	-57.79	2787.55	-74.91	2845.8	-80.84
  2790.05	-58.91	2790.05	-75.09	2848.35	-80.84
  2792.55	-60	2792.55	-75.25	2850.9	-80.84
  2795.05	-61.05	2795.05	-75.37	2853.45	-80.84
  2797.55	-62.06	2797.55	-75.03	2856	-80.85
  2800.05	-63.04	2800.05	-62.62	2858.55	-80.85
  2802.55	-63.97	2802.55	-13.25	2861.1	-80.85
  2805.05	-64.86	2805.05	-18.21	2863.65	-80.85
  2807.55	-65.71	2807.55	-22.84	2866.2	-80.86
  2810.05	-66.51	2810.05	-27.16	2868.75	-80.86
  2812.55	-67.28	2812.55	-31.27	2871.3	-80.86
  2815.05	-68	2815.05	-35.14	2873.85	-80.86
  2817.55	-68.67	2817.55	-38.73	2876.4	-80.86
  2820.05	-69.31	2820.05	-42.04	2878.95	-80.87
  2822.55	-69.91	2822.55	-45.09	2881.5	-80.87
  2825.05	-70.46	2825.05	-47.91	2884.05	-80.87
  2827.55	-70.98	2827.55	-50.51	2886.6	-80.87
  2830.05	-71.47	2830.05	-52.93	2889.15	-80.87
  2832.55	-71.91	2832.55	-55.18	2891.7	-80.88
  2835.05	-72.33	2835.05	-57.26	2894.25	-80.88
  2837.55	-72.71	2837.55	-59.18	2896.8	-80.88
  2840.05	-73.06	2840.05	-60.95	2899.35	-80.88
  2842.55	-73.39	2842.55	-62.57	2901.9	-80.88
  2845.05	-73.69	2845.05	-64.06	2904.45	-80.89
  2847.55	-73.97	2847.55	-65.41	2907	-80.89
  2850.05	-74.22	2850.05	-66.63	2909.55	-80.89
  2852.55	-74.46	2852.55	-67.74	2912.1	-80.89
  2855.05	-74.67	2855.05	-68.73	2914.65	-80.89
  2857.55	-74.87	2857.55	-69.62	2917.2	-80.9
  2860.05	-75.06	2860.05	-70.41	2919.75	-80.9
  2862.55	-75.23	2862.55	-71.11	2922.3	-80.9
  2865.05	-75.38	2865.05	-71.74	2924.85	-80.9
  2867.55	-75.36	2867.55	-72.29	2927.4	-80.9
  2870.05	-69.21	2870.05	-72.78	2929.95	-80.9
  2872.55	-9.54	2872.55	-73.2	2932.5	-80.91
  2875.05	-12.93	2875.05	-73.58	2935.05	-80.91
  2877.55	-16.11	2877.55	-73.92	2937.6	-80.91
  2880.05	-18.65	2880.05	-74.21	2940.15	-80.91
  2882.55	-20.88	2882.55	-74.47	2942.7	-80.91
  2885.05	-22.94	2885.05	-74.7	2945.25	-80.91
  2887.55	-24.89	2887.55	-74.9	2947.8	-80.92
  2890.05	-26.76	2890.05	-75.08	2950.35	-80.92
  2892.55	-28.57	2892.55	-75.23	2952.9	-80.92
  2895.05	-30.33	2895.05	-75.34	2955.45	-80.92
  2897.55	-32.05	2897.55	-74.74	2958	-80.92
  2900.05	-33.73	2900.05	-55.93	2960.55	-80.92
  2902.55	-35.39	2902.55	-13.92	2963.1	-80.93
  2905.05	-37.01	2905.05	-18.89	2965.65	-80.93
  2907.55	-38.6	2907.55	-23.46	2968.2	-80.93
  2910.05	-40.16	2910.05	-27.76	2970.75	-80.93
  2912.55	-41.69	2912.55	-31.84	2973.3	-80.93
  2915.05	-43.19	2915.05	-35.67	2975.85	-80.93
  2917.55	-44.66	2917.55	-39.23	2978.4	-80.93
  2920.05	-46.09	2920.05	-42.5	2980.95	-80.94
  2922.55	-47.5	2922.55	-45.52	2983.5	-80.94
  2925.05	-48.87	2925.05	-48.3	2986.05	-80.94
  2927.55	-50.21	2927.55	-50.89	2988.6	-80.94
  2930.05	-51.52	2930.05	-53.28	2991.15	-80.94
  2932.55	-52.8	2932.55	-55.5	2993.7	-80.94
  2935.05	-54.05	2935.05	-57.56	2996.25	-80.94
  2937.55	-55.26	2937.55	-59.46	2998.8	-80.95
  2940.05	-56.44	2940.05	-61.21	3001.35	-80.95
  2942.55	-57.59	2942.55	-62.82	3003.9	-80.95
  2945.05	-58.7	2945.05	-64.29	3006.45	-80.95
  2947.55	-59.78	2947.55	-65.62	3009	-80.95
  2950.05	-60.82	2950.05	-66.83	3011.55	-80.95
  2952.55	-61.82	2952.55	-67.91	3014.1	-80.95
  2955.05	-62.78	2955.05	-68.89	3016.65	-80.96
  2957.55	-63.71	2957.55	-69.76	3019.2	-80.96
  2960.05	-64.59	2960.05	-70.54	3021.75	-80.96
  2962.55	-65.43	2962.55	-71.23	3024.3	-80.96
  2965.05	-66.23	2965.05	-71.85	3026.85	-80.96
  2967.55	-66.99	2967.55	-72.39	3029.4	-80.96
  2970.05	-67.7	2970.05	-72.87	3031.95	-80.96
  2972.55	-68.38	2972.55	-73.29	3034.5	-80.97
  2975.05	-69.01	2975.05	-73.66	3037.05	-80.97
  2977.55	-69.61	2977.55	-73.99	3039.6	-80.97
  2980.05	-70.16	2980.05	-74.27	3042.15	-80.97
  2982.55	-70.68	2982.55	-74.53	3044.7	-80.97
  2985.05	-71.16	2985.05	-74.75	3047.25	-80.97
  2987.55	-71.61	2987.55	-74.95	3049.8	-80.97
  2990.05	-72.03	2990.05	-75.12	3052.35	-80.97
  2992.55	-72.42	2992.55	-75.27	3054.9	-80.97
  2995.05	-72.77	2995.05	-75.3	3057.45	-80.98
  2997.55	-73.1	2997.55	-72.59	3060	-80.98
  				3062.55	-80.98
  				3065.1	-80.98
  				3067.65	-80.98
  				3070.2	-80.98
  				3072.75	-80.98
  				3075.3	-80.98
  				3077.85	-80.99
  				3080.4	-80.99
  				3082.95	-80.99
  				3085.5	-80.99
  				3088.05	-80.99
  				3090.6	-80.99
  				3093.15	-80.99
  				3095.7	-80.99
  				3098.25	-80.99
  				3100.8	-80.99
  				3103.35	-81
  				3105.9	-81
  				3108.45	-81
  				3111	-81
  				3113.55	-81
  				3116.1	-81
  				3118.65	-81
  				3121.2	-81
  				3123.75	-81
  				3126.3	-81
  				3128.85	-81.01
  				3131.4	-81.01
  				3133.95	-81.01
  				3136.5	-81.01
  				3139.05	-81.01
  				3141.6	-81.01
  				3144.15	-81.01
  				3146.7	-81.01
  				3149.25	-81.01
  				3151.8	-81.01
  				3154.35	-81.01
  				3156.9	-81.02
  				3159.45	-81.02
  				3162	-81.02
  				3164.55	-81.02
  				3167.1	-81.02
  				3169.65	-81.02
  				3172.2	-81.02
  				3174.75	-81.02
  				3177.3	-81.02
  				3179.85	-81.02
  				3182.4	-81.02
  				3184.95	-81.03
  				3187.5	-81.03
  				3190.05	-81.03
  				3192.6	-81.03
  				3195.15	-81.03
  				3197.7	-81.03
  				3200.25	-81.03
  				3202.8	-81.03
  				3205.35	-81.03
  				3207.9	-81.03
  				3210.45	-81.03
  				3213	-81.03
  				3215.55	-81.03
  				3218.1	-81.04
  				3220.65	-81.04
  				3223.2	-81.04
  				3225.75	-81.04
  				3228.3	-81.04
  				3230.85	-81.04
  				3233.4	-81.04
  				3235.95	-81.04
  				3238.5	-81.04
  				3241.05	-81.04
  				3243.6	-81.04
  				3246.15	-81.04
  				3248.7	-81.04
  				3251.25	-81.04
  				3253.8	-81.05
  				3256.35	-81.05
  				3258.9	-81.05
  				3261.45	-81.05
  				3264	-81.05
  				3266.55	-81.05
  				3269.1	-81.05
  				3271.65	-81.05
  				3274.2	-81.05
  				3276.75	-81.05
  				3279.3	-81.05
  				3281.85	-81.05
  				3284.4	-81.05
  				3286.95	-81.05
  				3289.5	-81.05
  				3292.05	-81.05
  				3294.6	-81.06
  				3297.15	-81.06
  				3299.7	-81.06
  				3302.25	-81.06
  				3304.8	-81.06
  				3307.35	-81.06
  				3309.9	-81.06
  				3312.45	-81.06
  				3315	-81.06
  				3317.55	-81.06
  				3320.1	-81.06
  				3322.65	-81.06
  				3325.2	-81.06
  				3327.75	-81.06
  				3330.3	-81.06
  				3332.85	-81.06
  				3335.4	-81.06
  				3337.95	-81.06
  				3340.5	-81.07
  				3343.05	-81.07
  				3345.6	-81.07
  				3348.15	-81.07
  				3350.7	-81.07
  				3353.25	-81.07
  				3355.8	-81.07
  				3358.35	-81.07
  				3360.9	-81.07
  				3363.45	-81.07
  				3366	-81.07
  				3368.55	-81.07
  				3371.1	-81.07
  				3373.65	-81.07
  				3376.2	-81.07
  				3378.75	-81.07
  				3381.3	-81.07
  				3383.85	-81.07
  				3386.4	-81.07
  				3388.95	-81.07
  				3391.5	-81.08
  				3394.05	-81.08
  				3396.6	-81.08
  				3399.15	-81.08
  				3401.7	-81.08
  				3404.25	-81.08
  				3406.8	-81.08
  				3409.35	-81.08
  				3411.9	-81.08
  				3414.45	-81.08
  				3417	-81.08
  				3419.55	-81.08
  				3422.1	-81.08
  				3424.65	-81.08
  				3427.2	-81.08
  				3429.75	-81.08
  				3432.3	-81.08
  				3434.85	-81.08
  				3437.4	-81.08
  				3439.95	-81.08
  				3442.5	-81.08
  				3445.05	-81.08
  				3447.6	-81.08
  				3450.15	-81.08
  				3452.7	-81.09
  				3455.25	-81.09
  				3457.8	-81.09
  				3460.35	-81.09
  				3462.9	-81.09
  				3465.45	-81.09
  				3468	-81.09
  				3470.55	-81.09
  				3473.1	-81.09
  				3475.65	-81.09
  				3478.2	-81.09
  				3480.75	-81.09
  				3483.3	-81.09
  				3485.85	-81.09
  				3488.4	-81.09
  				3490.95	-81.09
  				3493.5	-81.09
  				3496.05	-81.09
  				3498.6	-81.09
