#  Hz		P
  0.9765625		7.0452741
  1.171875		53.431258
  1.3671875		1.0962831
  1.5625		20.850665
  1.7578125		8.7466065
  1.953125		4.4535964
  2.1484375		13.909339
  2.34375		0.30070399
  2.5390625		8.1432575
  2.734375		1.9731264
  2.9296875		5.8660778
  3.125		3.9193732
  3.3203125		3.1777113
  3.515625		4.6841741
  3.7109375		2.1220363
  3.90625		4.875608
  4.1015625		3.9590172
  4.296875		1.7875062
  4.4921875		4.0647312
  4.6875		16.915483
  4.8828125		3.2183189
  5.078125		12.060552
  5.2734375		2.4871631
  5.46875		8.017912
  5.6640625		0.68192766
  5.859375		5.2476198
  6.0546875		0.34466518
  6.25		8.7021487
  6.4453125		4.121058
  6.640625		43.406155
  6.8359375		144.60255
  7.03125		86.675335
  7.2265625		5.16965
  7.421875		7.3449884
  7.6171875		0.24399726
  7.8125		3.1091461
  8.0078125		0.92348997
  8.203125		1.537644
  8.3984375		3.0460687
  8.59375		1.6235728
  8.7890625		4.1990799
  8.984375		0.96654583
  9.1796875		1.848823
  9.375		0.54123101
  9.5703125		3.0645042
  9.765625		0.22255694
  9.9609375		0.75980287
  10.15625		0.46889418
  10.351562		0.98008747
  10.546875		0.58064494
  10.742188		1.4908459
  10.9375		0.17351044
  11.132812		2.4309145
  11.328125		1.6029903
  11.523438		1.0553509
  11.71875		0.79158284
  11.914062		1.1181374
  12.109375		2.5370619
  12.304688		1.8914213
  12.5		2.6903722
  12.695312		2.2034914
  12.890625		1.8031191
  13.085938		1.7441854
  13.28125		1.0628176
  13.476562		3.9734617
  13.671875		20.273983
  13.867188		19.334041
  14.0625		7.2788436
  14.257812		0.33527603
  14.453125		3.3565936
  14.648438		0.34166513
  14.84375		2.513415
  15.039062		0.35719873
  15.234375		0.69629556
  15.429688		0.50218423
  15.625		0.1185747
  15.820312		1.2897629
  16.015625		0.45228211
  16.210938		0.050292796
  16.40625		3.2947877
  16.601562		0.87761716
  16.796875		1.7669924
  16.992188		0.34033252
  17.1875		0.75310165
  17.382812		0.23190285
  17.578125		0.13842154
  17.773438		0.90626872
  17.96875		0.8800933
  18.164062		5.775616
  18.359375		0.34594782
  18.554688		1.0503271
  18.75		0.32528205
  18.945312		0.17357768
  19.140625		0.42731236
  19.335938		0.10399166
  19.53125		0.73737271
  19.726562		0.69507458
  19.921875		1.7492622
  20.117188		0.95111556
  20.3125		0.98001113
  20.507812		4.1616719
  20.703125		10.828567
  20.898438		3.1078131
  21.09375		0.87201914
  21.289062		0.72892034
  21.484375		0.14447775
  21.679688		0.89504789
  21.875		0.55276994
  22.070312		1.4124133
  22.265625		0.51566572
  22.460938		0.83229411
  22.65625		0.44313175
  22.851562		1.4703698
  23.046875		0.98144222
  23.242188		0.16267409
  23.4375		0.96781869
  23.632812		0.056278849
  23.828125		0.97890199
  24.023438		0.24895653
  24.21875		0.88119213
  24.414062		0.49676557
  24.609375		0.45613142
  24.804688		0.34553967
  25		1.4385937
  25.195312		2.4427623
  25.390625		0.1719268
  25.585938		0.65075966
  25.78125		0.27417689
  25.976562		0.20326714
  26.171875		0.80913057
  26.367188		0.1407318
  26.5625		0.58082533
  26.757812		0.51517969
  26.953125		1.5032343
  27.148438		1.8168969
  27.34375		3.0339236
  27.539062		2.650518
  27.734375		2.0822613
  27.929688		0.048886115
  28.125		1.1503308
  28.320312		0.039442789
  28.515625		0.46939282
  28.710938		0.058221582
  28.90625		0.082135829
  29.101562		0.41885625
  29.296875		0.11965175
  29.492188		0.1144776
  29.6875		0.36245244
  29.882812		1.4837713
  30.078125		1.0968437
  30.273438		0.10806672
  30.46875		1.3693683
  30.664062		0.019868914
  30.859375		0.52622556
  31.054688		0.066467789
  31.25		0.11513674
  31.445312		0.41953607
  31.640625		0.090340867
  31.835938		0.83575594
  32.03125		1.4697634
  32.226562		1.5524557
  32.421875		0.17036385
  32.617188		0.50426586
  32.8125		0.2264807
  33.007812		0.036561188
  33.203125		0.38938296
  33.398438		0.0069635838
  33.59375		0.070776413
  33.789062		0.57459465
  33.984375		0.81838184
  34.179688		3.3836954
  34.375		1.9763453
  34.570312		0.1857445
  34.765625		0.58587571
  34.960938		0.01091182
  35.15625		0.13118223
  35.351562		0.013778846
  35.546875		0.091143303
  35.742188		0.083468964
  35.9375		0.015764373
  36.132812		0.81199218
  36.328125		0.38089507
  36.523438		0.11539111
  36.71875		0.050550424
  36.914062		0.6321516
  37.109375		0.22527937
  37.304688		0.21670371
  37.5		0.43180234
  37.695312		0.12251725
  37.890625		0.22939951
  38.085938		0.16650034
  38.28125		0.022295564
  38.476562		0.34871532
  38.671875		0.47864644
  38.867188		1.8070274
  39.0625		0.66817798
  39.257812		0.6093659
  39.453125		0.40413706
  39.648438		0.033612412
  39.84375		0.22525576
  40.039062		0.16728858
  40.234375		0.58612939
  40.429688		0.30050175
  40.625		0.57569717
  40.820312		0.019088049
  41.015625		0.29954146
  41.210938		1.6342401
  41.40625		0.28054473
  41.601562		0.24071667
  41.796875		0.10432817
  41.992188		0.041678777
  42.1875		0.10424454
  42.382812		0.10343552
  42.578125		0.25585651
  42.773438		0.043144147
  42.96875		0.18215362
  43.164062		0.41673029
  43.359375		0.06355649
  43.554688		0.095255846
  43.75		0.18261834
  43.945312		0.53038351
  44.140625		0.014155378
  44.335938		0.32097792
  44.53125		0.20522142
  44.726562		0.21826377
  44.921875		0.18255076
  45.117188		0.153971
  45.3125		0.13142916
  45.507812		0.12014174
  45.703125		0.803748
  45.898438		0.72598014
  46.09375		0.48568568
  46.289062		0.76427978
  46.484375		0.019067445
  46.679688		0.081897974
  46.875		0.010439426
  47.070312		0.15465177
  47.265625		0.045816682
  47.460938		0.39911804
  47.65625		0.21091815
  47.851562		0.040787997
  48.046875		0.31014164
  48.242188		0.80899899
  48.4375		0.0037832011
  48.632812		0.24097535
  48.828125		0.050175179
  49.023438		0.1058265
  49.21875		0.00029063693
  49.414062		0.018623779
  49.609375		0.089545996
  49.804688		0.069891882
  50		0.25536633
  50.195312		0.32943
  50.390625		0.020891332
  50.585938		0.3020502
  50.78125		0.20116891
  50.976562		0.11594589
  51.171875		0.13213129
  51.367188		0.045806122
  51.5625		0.10142088
  51.757812		0.16429363
  51.953125		0.26755169
  52.148438		0.39257715
  52.34375		0.27362937
  52.539062		0.13200809
  52.734375		0.35725389
  52.929688		0.54624587
  53.125		0.32861645
  53.320312		0.22767415
  53.515625		0.063263537
  53.710938		0.0046037447
  53.90625		0.029992849
  54.101562		0.030093395
  54.296875		0.022615244
  54.492188		0.19865654
  54.6875		0.093482261
  54.882812		0.13814813
  55.078125		0.21776628
  55.273438		0.044074284
  55.46875		0.12034184
  55.664062		0.023419102
  55.859375		0.16737251
  56.054688		0.075689085
  56.25		0.02170379
  56.445312		0.0064781775
  56.640625		0.087079996
  56.835938		0.25688446
  57.03125		0.64150912
  57.226562		0.074496086
  57.421875		0.17577303
  57.617188		0.091350578
  57.8125		0.22188513
  58.007812		0.19757736
  58.203125		0.005204153
  58.398438		0.057744129
  58.59375		0.0196609
  58.789062		0.086078324
  58.984375		0.14847553
  59.179688		0.11988388
  59.375		0.17761178
  59.570312		0.21644572
  59.765625		0.32722624
  59.960938		0.24068976
  60.15625		0.19298773
  60.351562		0.17567361
  60.546875		0.0031015231
  60.742188		0.020651315
  60.9375		0.032040065
  61.132812		0.058249174
  61.328125		0.17378538
  61.523438		0.25979633
  61.71875		0.086509453
  61.914062		0.010858948
  62.109375		0.043200879
  62.304688		0.029756231
  62.5		0.017128774
  62.695312		0.04976823
  62.890625		0.063453261
  63.085938		0.045550876
  63.28125		0.029230018
  63.476562		0.17655746
  63.671875		0.1437276
  63.867188		0.33509929
  64.0625		0.20858702
  64.257812		0.042448318
  64.453125		0.1330092
  64.648438		0.14008605
  64.84375		0.33522526
  65.039062		0.012334993
  65.234375		0.090903946
  65.429688		0.02467841
  65.625		0.001137282
  65.820312		0.17715288
  66.015625		0.11416541
  66.210938		0.17574276
  66.40625		0.22372433
  66.601562		0.15383288
  66.796875		0.17993324
  66.992188		0.25761647
  67.1875		0.043621138
  67.382812		0.09962942
  67.578125		0.02869834
  67.773438		0.022185986
  67.96875		0.00858179
  68.164062		0.0080602841
  68.359375		0.17420053
  68.554688		0.15527172
  68.75		0.026740169
  68.945312		0.076197972
  69.140625		0.038524628
  69.335938		0.074381205
  69.53125		0.025131402
  69.726562		0.10720965
  69.921875		0.13163689
  70.117188		0.01806682
  70.3125		0.16501098
  70.507812		0.2256003
  70.703125		0.13638491
  70.898438		0.072929395
  71.09375		0.085593955
  71.289062		0.038085984
  71.484375		0.078555741
  71.679688		0.15673625
  71.875		0.13998399
  72.070312		0.083531374
  72.265625		0.057136503
  72.460938		0.033470764
  72.65625		0.05580996
  72.851562		0.27650035
  73.046875		0.18237838
  73.242188		0.18092672
  73.4375		0.11239325
  73.632812		0.32177351
  73.828125		0.087834146
  74.023438		0.045294216
  74.21875		0.036405745
  74.414062		0.10251882
  74.609375		0.020175317
  74.804688		0.1460802
  75		0.052548984
  75.195312		0.054611636
  75.390625		0.055336075
  75.585938		0.086208553
  75.78125		0.027429494
  75.976562		0.038836072
  76.171875		0.024627171
  76.367188		0.051905355
  76.5625		0.031337875
  76.757812		0.26449311
  76.953125		0.095282421
  77.148438		0.072538586
  77.34375		0.076252165
  77.539062		0.16872393
  77.734375		0.13254923
  77.929688		0.015693654
  78.125		0.033786255
  78.320312		0.049004866
  78.515625		0.0095529813
  78.710938		0.2111884
  78.90625		0.046730743
  79.101562		0.31197291
  79.296875		0.06686929
  79.492188		0.22247358
  79.6875		0.049202489
  79.882812		0.047158445
  80.078125		0.099333619
  80.273438		0.048683247
  80.46875		0.29785243
  80.664062		0.14914278
  80.859375		0.020232631
  81.054688		0.11181275
  81.25		0.047417317
  81.445312		0.016406443
  81.640625		0.01595035
  81.835938		0.039670931
  82.03125		0.053092604
  82.226562		0.040311417
  82.421875		0.10783187
  82.617188		0.036117666
  82.8125		0.17727623
  83.007812		0.058024006
  83.203125		0.11780684
  83.398438		0.079440958
  83.59375		0.020198252
  83.789062		0.13814289
  83.984375		0.11891355
  84.179688		0.13086323
  84.375		0.091976115
  84.570312		0.14585589
  84.765625		0.035780853
  84.960938		0.063221136
  85.15625		0.092022762
  85.351562		0.033813242
  85.546875		0.071903861
  85.742188		0.0098176112
  85.9375		0.025496323
  86.132812		0.12454024
  86.328125		0.097102899
  86.523438		0.2417564
  86.71875		0.0062297836
  86.914062		0.073486516
  87.109375		0.18987891
  87.304688		0.044567827
  87.5		0.20401192
  87.695312		0.088426741
  87.890625		0.0036315616
  88.085938		0.038666231
  88.28125		0.0051611308
  88.476562		0.065873527
  88.671875		0.0065589903
  88.867188		0.013427774
  89.0625		0.10482729
  89.257812		0.072091063
  89.453125		0.058833828
  89.648438		0.0132188
  89.84375		0.1392236
  90.039062		0.0082586548
  90.234375		0.17974601
  90.429688		0.024792598
  90.625		0.024376902
  90.820312		0.1581497
  91.015625		0.26053112
  91.210938		0.28578833
  91.40625		0.035577177
  91.601562		0.047460984
  91.796875		0.03104882
  91.992188		0.029538768
  92.1875		0.0058571732
  92.382812		0.077086135
  92.578125		0.043539222
  92.773438		0.024232042
  92.96875		0.000085261437
  93.164062		0.013421665
  93.359375		0.071516567
  93.554688		0.11881285
  93.75		0.0043815932
  93.945312		0.029179394
  94.140625		0.10146716
  94.335938		0.017271813
  94.53125		0.21604533
  94.726562		0.035591338
  94.921875		0.018854968
  95.117188		0.030386125
  95.3125		0.0051791904
  95.507812		0.098287024
  95.703125		0.036971602
  95.898438		0.020053048
  96.09375		0.070954588
  96.289062		0.0074151234
  96.484375		0.092320939
  96.679688		0.012420639
  96.875		0.20360558
  97.070312		0.012229881
  97.265625		0.25737385
  97.460938		0.057900927
  97.65625		0.034159932
  97.851562		0.076214722
  98.046875		0.11367059
  98.242188		0.129012
  98.4375		0.0099478941
  98.632812		0.15873393
  98.828125		0.01461195
  99.023438		0.015209421
  99.21875		0.0043265946
  99.414062		0.010981653
  99.609375		0.022433532
  99.804688		0.0026820375
  100		0.00027530373
  100.19531		0.002810624
  100.39062		0.084422796
  100.58594		0.052539955
  100.78125		0.015680225
  100.97656		0.05926828
  101.17188		0.090280341
  101.36719		0.0076095858
  101.5625		0.081986276
  101.75781		0.01463876
  101.95312		0.012934813
  102.14844		0.00039205593
  102.34375		0.0226313
  102.53906		0.10088808
  102.73438		0.049964212
  102.92969		0.014484084
  103.125		0.044473616
  103.32031		0.031697776
  103.51562		0.02441254
  103.71094		0.079895392
  103.90625		0.039954719
  104.10156		0.17891024
  104.29688		0.17472728
  104.49219		0.077157678
  104.6875		0.068320018
  104.88281		0.012091969
  105.07812		0.033768127
  105.27344		0.0638607
  105.46875		0.031746871
  105.66406		0.10169309
  105.85938		0.00084922958
  106.05469		0.011757427
  106.25		0.005866511
  106.44531		0.024273003
  106.64062		0.023802152
  106.83594		0.005568853
  107.03125		0.027120713
  107.22656		0.012352878
  107.42188		0.0091460655
  107.61719		0.014407196
  107.8125		0.033772529
  108.00781		0.028862465
  108.20312		0.0086374636
  108.39844		0.021629837
  108.59375		0.057477965
  108.78906		0.044753564
  108.98438		0.074049167
  109.17969		0.052690855
  109.375		0.028408413
  109.57031		0.013162108
  109.76562		0.017550698
  109.96094		0.02497155
  110.15625		0.023801395
  110.35156		0.0059369241
  110.54688		0.039990217
  110.74219		0.024797287
  110.9375		0.11627386
  111.13281		0.13575545
  111.32812		0.013560181
  111.52344		0.075711995
  111.71875		0.046565127
  111.91406		0.0052871653
  112.10938		0.017505827
  112.30469		0.013743289
  112.5		0.095104381
  112.69531		0.048773838
  112.89062		0.016881128
  113.08594		0.035087686
  113.28125		0.054969568
  113.47656		0.017176506
  113.67188		0.024492454
  113.86719		0.032040356
  114.0625		0.00032510159
  114.25781		0.0040409821
  114.45312		0.021080388
  114.64844		0.018850769
  114.84375		0.023380773
  115.03906		0.014292662
  115.23438		0.0094769542
  115.42969		0.027717146
  115.625		0.01436319
  115.82031		0.043640994
  116.01562		0.040893489
  116.21094		0.020877
  116.40625		0.013498277
  116.60156		0.027276339
  116.79688		0.042974626
  116.99219		0.011076615
  117.1875		0.0093559204
  117.38281		0.0092879182
  117.57812		0.021136061
  117.77344		0.03995355
  117.96875		0.10358909
  118.16406		0.083846682
  118.35938		0.053530908
  118.55469		0.096965724
  118.75		0.0047477097
  118.94531		0.0040870432
  119.14062		0.006825339
  119.33594		0.069727538
  119.53125		0.035616114
  119.72656		0.017142515
  119.92188		0.024536762
  120.11719		0.0072159166
  120.3125		0.015271816
  120.50781		0.01656832
  120.70312		0.051296641
  120.89844		0.0029979795
  121.09375		0.02258525
  121.28906		0.018344519
  121.48438		0.020217336
  121.67969		0.037879324
  121.875		0.088635689
  122.07031		0.0059401534
  122.26562		0.019736324
  122.46094		0.011735548
  122.65625		0.0091618014
  122.85156		0.047721608
  123.04688		0.016727182
  123.24219		0.013910576
  123.4375		0.043559158
  123.63281		0.018491157
  123.82812		0.038058125
  124.02344		0.011403831
  124.21875		0.0072089064
  124.41406		0.0034508837
  124.60938		0.022229925
  124.80469		0.04980088
  125		0.079490629
  125.19531		0.037563002
  125.39062		0.12501077
  125.58594		0.013415596
  125.78125		0.055903594
  125.97656		0.031253779
  126.17188		0.020658456
  126.36719		0.016186465
  126.5625		0.020636315
  126.75781		0.022541778
  126.95312		0.002822091
  127.14844		0.00030732739
  127.34375		0.044929011
  127.53906		0.018985495
  127.73438		0.040739593
  127.92969		0.0082521611
  128.125		0.011521901
  128.32031		0.006459635
  128.51562		0.0073713592
  128.71094		0.073271145
  128.90625		0.032721769
  129.10156		0.04838564
  129.29688		0.020798889
  129.49219		0.011517668
  129.6875		0.038179999
  129.88281		0.10250513
  130.07812		0.019455647
  130.27344		0.0073122649
  130.46875		0.042038667
  130.66406		0.053601232
  130.85938		0.027892572
  131.05469		0.0031564093
  131.25		0.023812039
  131.44531		0.026699304
  131.64062		0.11634959
  131.83594		0.059969769
  132.03125		0.00027413884
  132.22656		0.0061418046
  132.42188		0.04069735
  132.61719		0.0016813056
  132.8125		0.06433896
  133.00781		0.021352293
  133.20312		0.0023973206
  133.39844		0.042844939
  133.59375		0.010236643
  133.78906		0.028729602
  133.98438		0.020687862
  134.17969		0.002841481
  134.375		0.031608955
  134.57031		0.01624182
  134.76562		0.027597685
  134.96094		0.00098689807
  135.15625		0.021500634
  135.35156		0.03145064
  135.54688		0.0062089732
  135.74219		0.076924681
  135.9375		0.013560294
  136.13281		0.14769814
  136.32812		0.046149886
  136.52344		0.0068137263
  136.71875		0.036823924
  136.91406		0.035939718
  137.10938		0.016598816
  137.30469		0.0064390456
  137.5		0.15042055
  137.69531		0.017482549
  137.89062		0.037671454
  138.08594		0.0022073058
  138.28125		0.0064263899
  138.47656		0.036445354
  138.67188		0.055355696
  138.86719		0.038911668
  139.0625		0.0039730122
  139.25781		0.016599088
  139.45312		0.039629175
  139.64844		0.0049606429
  139.84375		0.082727631
  140.03906		0.024819147
  140.23438		0.009033371
  140.42969		0.023088996
  140.625		0.0034886908
  140.82031		0.027598747
  141.01562		0.01694612
  141.21094		0.0040120286
  141.40625		0.056795627
  141.60156		0.0062371691
  141.79688		0.023921453
  141.99219		0.0030531065
  142.1875		0.0086872891
  142.38281		0.022631105
  142.57812		0.012414508
  142.77344		0.020733073
  142.96875		0.042196469
  143.16406		0.20021356
  143.35938		0.043193626
  143.55469		0.048748562
  143.75		0.017722791
  143.94531		0.037971754
  144.14062		0.016704739
  144.33594		0.018442494
  144.53125		0.090547977
  144.72656		0.010554993
  144.92188		0.03956697
  145.11719		0.016257989
  145.3125		0.027226099
  145.50781		0.0065828897
  145.70312		0.017749097
  145.89844		0.055501582
  146.09375		0.0033908727
  146.28906		0.011576689
  146.48438		0.013093119
  146.67969		0.01205786
  146.875		0.058410766
  147.07031		0.009213679
  147.26562		0.030704411
  147.46094		0.038342816
  147.65625		0.009423889
  147.85156		0.060629766
  148.04688		0.054392309
  148.24219		0.00093023648
  148.4375		0.012122802
  148.63281		0.0021396356
  148.82812		0.0077280982
  149.02344		0.0057705279
  149.21875		0.025729169
  149.41406		0.068798794
  149.60938		0.016773418
  149.80469		0.031382477
  150		0.039161115
  150.19531		0.056605893
  150.39062		0.023256508
  150.58594		0.01305061
  150.78125		0.039554576
  150.97656		0.029902788
  151.17188		0.025975992
  151.36719		0.024109068
  151.5625		0.098841159
  151.75781		0.0042080541
  151.95312		0.019598745
  152.14844		0.027608278
  152.34375		0.030832226
  152.53906		0.0029635172
  152.73438		0.029331475
  152.92969		0.025443671
  153.125		0.015150413
  153.32031		0.034620461
  153.51562		0.030549563
  153.71094		0.0037777626
  153.90625		0.046158048
  154.10156		0.0011157053
  154.29688		0.013117371
  154.49219		0.0060556988
  154.6875		0.0031357447
  154.88281		0.084010565
  155.07812		0.020489058
  155.27344		0.012114595
  155.46875		0.029785372
  155.66406		0.023352097
  155.85938		0.0044219005
  156.05469		0.010333616
  156.25		0.012699452
  156.44531		0.01599904
  156.64062		0.024277967
  156.83594		0.037916361
  157.03125		0.019127338
  157.22656		0.022529311
  157.42188		0.026939325
  157.61719		0.0054452805
  157.8125		0.03433866
  158.00781		0.031195976
  158.20312		0.02621777
  158.39844		0.022585254
  158.59375		0.045652024
  158.78906		0.0081755081
  158.98438		0.000071792913
  159.17969		0.04825796
  159.375		0.019328756
  159.57031		0.047070852
  159.76562		0.0057731806
  159.96094		0.016874527
  160.15625		0.010910503
  160.35156		0.0031284181
  160.54688		0.0020245863
  160.74219		0.028996166
  160.9375		0.019991539
  161.13281		0.031801487
  161.32812		0.031776194
  161.52344		0.026641066
  161.71875		0.01158615
  161.91406		0.043574292
  162.10938		0.0087070073
  162.30469		0.00085863392
  162.5		0.012900366
  162.69531		0.0075549431
  162.89062		0.014260053
  163.08594		0.017749487
  163.28125		0.0012325254
  163.47656		0.0078798353
  163.67188		0.034244947
  163.86719		0.036262439
  164.0625		0.0087816469
  164.25781		0.00062007091
  164.45312		0.00098036835
  164.64844		0.0067584429
  164.84375		0.041456242
  165.03906		0.032317681
  165.23438		0.0056004358
  165.42969		0.039223423
  165.625		0.052331848
  165.82031		0.0060803641
  166.01562		0.026834141
  166.21094		0.0043527637
  166.40625		0.0073933517
  166.60156		0.016079967
  166.79688		0.013587449
  166.99219		0.01130393
  167.1875		0.0079876623
  167.38281		0.0043752832
  167.57812		0.010578648
  167.77344		0.0068167255
  167.96875		0.011409093
  168.16406		0.035749943
  168.35938		0.0019945712
  168.55469		0.017767975
  168.75		0.019841481
  168.94531		0.041120663
  169.14062		0.00063547146
  169.33594		0.0015671764
  169.53125		0.01497143
  169.72656		0.0081506364
  169.92188		0.023696094
  170.11719		0.027892163
  170.3125		0.018580429
  170.50781		0.054522406
  170.70312		0.022892524
  170.89844		0.006565174
  171.09375		0.0016627131
  171.28906		0.0097390157
  171.48438		0.0072686122
  171.67969		0.015110779
  171.875		0.012951578
  172.07031		0.0041214655
  172.26562		0.015677942
  172.46094		0.030127737
  172.65625		0.0034243866
  172.85156		0.018555541
  173.04688		0.015493141
  173.24219		0.001502334
  173.4375		0.0054739291
  173.63281		0.023611248
  173.82812		0.0020136809
  174.02344		0.025912099
  174.21875		0.013838125
  174.41406		0.0016281194
  174.60938		0.0028069386
  174.80469		0.0069438234
  175		0.0236735
  175.19531		0.027960641
  175.39062		0.0035013684
  175.58594		0.01860662
  175.78125		0.020108209
  175.97656		0.019026432
  176.17188		0.0029934503
  176.36719		0.018314519
  176.5625		0.0071129441
  176.75781		0.030350919
  176.95312		0.040255751
  177.14844		0.0031589788
  177.34375		0.050724151
  177.53906		0.029290323
  177.73438		0.010326282
  177.92969		0.0021674974
  178.125		0.041167543
  178.32031		0.010283962
  178.51562		0.00049639047
  178.71094		0.013581974
  178.90625		0.031032653
  179.10156		0.0080009349
  179.29688		0.0065628416
  179.49219		0.0046036362
  179.6875		0.0023401433
  179.88281		0.0089863383
  180.07812		0.020934301
  180.27344		0.01684499
  180.46875		0.0038951416
  180.66406		0.0071621168
  180.85938		0.0045697625
  181.05469		0.01611753
  181.25		0.0063486034
  181.44531		0.0019087411
  181.64062		0.0070110127
  181.83594		0.0031486862
  182.03125		0.060480072
  182.22656		0.022157683
  182.42188		0.029631421
  182.61719		0.00085504777
  182.8125		0.055275922
  183.00781		0.0085758939
  183.20312		0.0047406209
  183.39844		0.00977135
  183.59375		0.018351062
  183.78906		0.085406466
  183.98438		0.0034201676
  184.17969		0.02096632
  184.375		0.012065607
  184.57031		0.0064003139
  184.76562		0.010204771
  184.96094		0.0032977838
  185.15625		0.047636195
  185.35156		0.0013780771
  185.54688		0.0021971379
  185.74219		0.047656476
  185.9375		0.028373023
  186.13281		0.0046517439
  186.32812		0.0040653422
  186.52344		0.018232018
  186.71875		0.022181629
  186.91406		0.032701914
  187.10938		0.012381611
  187.30469		0.0048958794
  187.5		0.00012577441
  187.69531		0.012850833
  187.89062		0.0013058643
  188.08594		0.033312701
  188.28125		0.017853984
  188.47656		0.028424027
  188.67188		0.044525321
  188.86719		0.0092005757
  189.0625		0.013254328
  189.25781		0.0043779057
  189.45312		0.0068365404
  189.64844		0.034661109
  189.84375		0.051745791
  190.03906		0.011481334
  190.23438		0.0073093585
  190.42969		0.027040388
  190.625		0.027431358
  190.82031		0.035533545
  191.01562		0.0047900804
  191.21094		0.020228758
  191.40625		0.0072158308
  191.60156		0.0019723449
  191.79688		0.017634652
  191.99219		0.019111424
  192.1875		0.08341819
  192.38281		0.0067014014
  192.57812		0.0024221532
  192.77344		0.056946122
  192.96875		0.022421191
  193.16406		0.010526943
  193.35938		0.0024001334
  193.55469		0.014927677
  193.75		0.048440989
  193.94531		0.023245205
  194.14062		0.020820946
  194.33594		0.01788816
  194.53125		0.010314435
  194.72656		0.0034607344
  194.92188		0.0087180779
  195.11719		0.011961094
  195.3125		0.0023885517
  195.50781		0.080749949
  195.70312		0.050367035
  195.89844		0.0082133891
  196.09375		0.022703518
  196.28906		0.018953682
  196.48438		0.002694621
  196.67969		0.01890882
  196.875		0.020610115
  197.07031		0.0084126289
  197.26562		0.011705848
  197.46094		0.047379488
  197.65625		0.014807772
  197.85156		0.016419316
  198.04688		0.022874233
  198.24219		0.027968961
  198.4375		0.011385502
  198.63281		0.0032367215
  198.82812		0.014832956
  199.02344		0.026011606
  199.21875		0.037599114
  199.41406		0.0041680428
  199.60938		0.0045530523
  199.80469		0.083327982
  200		0.0099152344
  100.68359		0.032501737
  100.78125		0.03253499
  100.87891		0.030700115
  100.97656		0.018970343
  101.07422		0.011348954
  101.17188		0.017307892
  101.26953		0.014097088
  101.36719		0.00075141765
  101.46484		0.025267208
  101.5625		0.015811075
  101.66016		0.057265842
  101.75781		0.037320285
  101.85547		0.036598241
  101.95313		0.018575374
  102.05078		0.0066319445
  102.14844		0.037324861
  102.24609		0.019804496
  102.34375		0.038140286
  102.44141		0.095513052
  102.53906		0.050951078
  102.63672		0.019849503
  102.73438		0.034510969
  102.83203		0.059862116
  102.92969		0.029335793
  103.02734		0.054690894
  103.125		0.12932962
  103.22266		0.18098294
  103.32031		0.14735484
  103.41797		0.13203404
  103.51563		0.12324707
  103.61328		0.14182338
  103.71094		0.13989911
  103.80859		0.1129744
  103.90625		0.1979234
  104.00391		0.097033188
  104.10156		0.21643196
  104.19922		0.16211153
  104.29688		0.18959026
  104.39453		0.082437827
  104.49219		0.16612712
  104.58984		0.12592706
  104.6875		0.16648432
  104.78516		0.19529269
  104.88281		0.16064799
  104.98047		0.14817119
  105.07813		0.20494293
  105.17578		0.11185039
  105.27344		0.14734609
  105.37109		0.21299417
  105.46875		0.26482704
  105.56641		0.17184886
  105.66406		0.1024165
  105.76172		0.12795881
  105.85938		0.15118918
  105.95703		0.11119285
  106.05469		0.049417872
  106.15234		0.048153009
  106.25		0.040736681
  106.34766		0.01654263
  106.44531		0.0065716547
  106.54297		0.011411703
  106.64063		0.0074984323
  106.73828		0.0035638948
  106.83594		0.016675539
  106.93359		0.0041470225
  107.03125		0.004687119
  107.12891		0.0013068163
  107.22656		0.0052522653
  107.32422		0.0017027683
  107.42188		0.00099673067
  107.51953		0.0031762112
  107.61719		0.0022565804
  107.71484		0.014460678
  107.8125		0.0065981361
  107.91016		0.022981862
  108.00781		0.00094139365
  108.10547		0.0034227413
  108.20313		0.0053832294
  108.30078		0.0021080231
  108.39844		0.0047488611
  108.49609		0.00035301299
  108.59375		0.0012050594
  108.69141		0.0037918153
  108.78906		0.0012829957
  108.88672		0.0017034535
  108.98438		0.0018066815
  109.08203		0.0016450175
  109.17969		0.001430963
  109.27734		0.00068634007
  109.375		0.0029561833
  109.47266		0.0010751436
  109.57031		0.003175939
  109.66797		0.0095394453
  109.76563		0.0038033505
  109.86328		0.0091017629
  109.96094		0.0078151652
  110.05859		0.0029179237
  110.15625		0.0013024665
  110.25391		0.0024479887
  110.35156		0.00029542332
  110.44922		0.00022219666
  110.54688		0.001592711
  110.64453		0.003389404
  110.74219		0.0043003391
  110.83984		0.0019136387
  110.9375		0.00069629041
  111.03516		0.00083166296
  111.13281		0.0000098763836
  111.23047		0.00016032978
  111.32813		0.0014505088
  111.42578		0.0018217138
  111.52344		0.00042249755
  111.62109		0.0014425602
  111.71875		0.0009384336
  111.81641		0.00015106182
  111.91406		0.0040381282
  112.01172		0.0079116815
  112.10938		0.012940003
  112.20703		0.01450642
  112.30469		0.027735358
  112.40234		0.0085776848
  112.5		0.021821475
  112.59766		0.017178103
  112.69531		0.0046701352
  112.79297		0.0014043871
  112.89063		0.0032938719
  112.98828		0.0099155257
  113.08594		0.0039751164
  113.18359		0.0095324641
  113.28125		0.0069196471
  113.37891		0.0080157303
  113.47656		0.00036434288
  113.57422		0.0041843934
  113.67188		0.014289236
  113.76953		0.018623297
  113.86719		0.00078274066
  113.96484		0.0057741449
  114.0625		0.010095607
  114.16016		0.0011781252
  114.25781		0.0014056135
  114.35547		0.0074150874
  114.45313		0.0046860171
  114.55078		0.0026724358
  114.64844		0.010444405
  114.74609		0.0011843894
  114.84375		0.01052463
  114.94141		0.014022765
  115.03906		0.0044169903
  115.13672		0.03038027
  115.23438		0.030048446
  115.33203		0.0086050203
  115.42969		0.011454195
  115.52734		0.0047238838
  115.625		0.011650664
  115.72266		0.0015388645
  115.82031		0.025352382
  115.91797		0.0064488017
  116.01563		0.037865362
  116.11328		0.0063159138
  116.21094		0.044910869
  116.30859		0.024985236
  116.40625		0.013587927
  116.50391		0.031791986
  116.60156		0.0046007351
  116.69922		0.018426601
  116.79688		0.012105325
  116.89453		0.021418808
  116.99219		0.033784704
  117.08984		0.0096948659
  117.1875		0.056104262
  117.28516		0.022171351
  117.38281		0.0028337556
  117.48047		0.016462597
  117.57813		0.060415214
  117.67578		0.059100426
  117.77344		0.055023029
  117.87109		0.089552187
  117.96875		0.04662444
  118.06641		0.12700558
  118.16406		0.14734519
  118.26172		0.10386913
  118.35938		0.05183136
  118.45703		0.050286772
  118.55469		0.10539522
  118.65234		0.082756152
  118.75		0.074670827
  118.84766		0.10774193
  118.94531		0.12047588
  119.04297		0.12382273
  119.14063		0.10261406
  119.23828		0.069954157
  119.33594		0.061629985
  119.43359		0.13566062
  119.53125		0.065354378
  119.62891		0.11931989
  119.72656		0.11548095
  119.82422		0.11379155
  119.92188		0.08749341
  120.01953		0.072717466
  120.11719		0.10386618
  120.21484		0.1250175
  120.3125		0.11355911
  120.41016		0.062334102
  120.50781		0.1301677
  120.60547		0.14776502
  120.70313		0.1161284
  120.80078		0.15318614
  120.89844		0.12635497
  120.99609		0.021566324
  121.09375		0.032419067
  121.19141		0.031869412
  121.28906		0.037824679
  121.38672		0.017327879
  121.48438		0.0095567504
  121.58203		0.007344339
  121.67969		0.00054909673
  121.77734		0.0017791389
  121.875		0.0037246206
  121.97266		0.00043826246
  122.07031		0.0082190955
  122.16797		0.0011249634
  122.26563		0.016042185
  122.36328		0.0078135446
  122.46094		0.01962963
  122.55859		0.0042172888
  122.65625		0.0014690005
  122.75391		0.00093217766
  122.85156		0.0062902553
  122.94922		0.0017351226
  123.04688		0.0034929618
  123.14453		0.0011875808
  123.24219		0.0016872953
  123.33984		0.00056761831
  123.4375		0.0043577481
  123.53516		0.00079241868
  123.63281		0.0069465978
  123.73047		0.0018157412
  123.82813		0.0018154578
  123.92578		0.007657464
  124.02344		0.0061444718
  124.12109		0.0076348757
  124.21875		0.0044655913
  124.31641		0.011040546
  124.41406		0.0070908246
  124.51172		0.0061767674
  124.60938		0.014799102
  124.70703		0.0046267468
  124.80469		0.0047662056
  124.90234		0.001751451
  125		0.00061826032
  125.09766		0.0019247556
  125.19531		0.0010839737
  125.29297		0.00050668752
  125.39063		0.0059246076
  125.48828		0.0033437094
  125.58594		0.00081263568
  125.68359		0.00041108506
  125.78125		0.00074757477
  125.87891		0.0011819302
  125.97656		0.0011482447
  126.07422		0.0014449344
  126.17188		0.00065715302
  126.26953		0.00043910038
  126.36719		0.0039725693
  126.46484		0.0034060811
  126.5625		0.00082170154
  126.66016		0.0030653226
  126.75781		0.0048669059
  126.85547		0.0018508471
  126.95313		0.0066501466
  127.05078		0.0032273752
  127.14844		0.00014553954
  127.24609		0.0018226254
  127.34375		0.0040299814
  127.44141		0.0058479286
  127.53906		0.002113725
  127.63672		0.002144196
  127.73438		0.00088733359
  127.83203		0.0050901828
  127.92969		0.014175636
  128.02734		0.014720778
  128.125		0.011123177
  128.22266		0.0046213343
  128.32031		0.0010143379
  128.41797		0.0086967298
  128.51563		0.0040893918
  128.61328		0.00061844709
  128.71094		0.0042432054
  128.80859		0.018786677
  128.90625		0.012859677
  129.00391		0.0081676204
  129.10156		0.0022381065
  129.19922		0.0073958726
  129.29688		0.0074148087
  129.39453		0.00099417476
  129.49219		0.0099740373
  129.58984		0.0054334238
  129.6875		0.0011639023
  129.78516		0.02914343
  129.88281		0.016376671
  129.98047		0.0093572667
  130.07813		0.005005473
  130.17578		0.0019319018
  130.27344		0.019163654
  130.37109		0.0011477618
  130.46875		0.012528032
  130.56641		0.0067659549
  130.66406		0.051404881
  130.76172		0.012366983
  130.85938		0.035652111
  130.95703		0.016306324
  131.05469		0.049121673
  131.15234		0.0013996856
  131.25		0.03119008
  131.34766		0.0026348209
  131.44531		0.0093026792
  131.54297		0.0077703263
  131.64063		0.0033446132
  131.73828		0.018950491
  131.83594		0.024865719
  131.93359		0.019039479
  132.03125		0.051602055
  132.12891		0.013337607
  132.22656		0.013722578
  132.32422		0.030839402
  132.42188		0.044680935
  132.51953		0.022699527
  132.61719		0.022857819
  132.71484		0.059690515
  132.8125		0.11640914
  132.91016		0.079573989
  133.00781		0.068315251
  133.10547		0.035352049
  133.20313		0.035723426
  133.30078		0.044531469
  133.39844		0.048713919
  133.49609		0.040064225
  133.59375		0.047022412
  133.69141		0.11724456
  133.78906		0.058054043
  133.88672		0.10639569
  133.98438		0.070058502
  134.08203		0.037897615
  134.17969		0.050250432
  134.27734		0.097713836
  134.375		0.036326858
  134.47266		0.04682553
  134.57031		0.092425188
  134.66797		0.066503959
  134.76563		0.069187768
  134.86328		0.079145003
  134.96094		0.037490454
  135.05859		0.062291705
  135.15625		0.072943089
  135.25391		0.0672878
  135.35156		0.091857635
  135.44922		0.036166384
  135.54688		0.11202653
  135.64453		0.072876641
  135.74219		0.072995374
  135.83984		0.11249062
  135.9375		0.068584104
  136.03516		0.033470685
  136.13281		0.018046779
  136.23047		0.032584746
  136.32813		0.017975797
  136.42578		0.024436012
  136.52344		0.0103164
  136.62109		0.015924439
  136.71875		0.010856677
  136.81641		0.010516752
  136.91406		0.003883539
  137.01172		0.0049045589
  137.10938		0.0046953783
  137.20703		0.010045803
  137.30469		0.010217003
  137.40234		0.0031520435
  137.5		0.0084692663
  137.59766		0.0070789409
  137.69531		0.017365868
  137.79297		0.0052343165
  137.89063		0.0046851033
  137.98828		0.012416023
  138.08594		0.0016256268
  138.18359		0.0041378751
  138.28125		0.0033197868
  138.37891		0.008352666
  138.47656		0.0021921989
  138.57422		0.0031327151
  138.67188		0.0030905643
  138.76953		0.0072026255
  138.86719		0.0086805968
  138.96484		0.0010980427
  139.0625		0.00010444738
  139.16016		0.0042380794
  139.25781		0.00042686924
  139.35547		0.0028034285
  139.45313		0.0029601222
  139.55078		0.0010949856
  139.64844		0.0047177138
  139.74609		0.0022331638
  139.84375		0.001532473
  139.94141		0.00067681386
  140.03906		0.0025368045
  140.13672		0.0018912826
  140.23438		0.0012190473
  140.33203		0.0011316588
  140.42969		0.00045019701
  140.52734		0.000020246004
  140.625		0.00060696501
  140.72266		0.00048943984
  140.82031		0.00062216716
  140.91797		0.000020297425
  141.01563		0.00026326854
  141.11328		0.0016223649
  141.21094		0.0039755426
  141.30859		0.0074775946
  141.40625		0.00097369194
  141.50391		0.0068154301
  141.60156		0.00094385495
  141.69922		0.00083098327
  141.79688		0.00083080774
  141.89453		0.000038439949
  141.99219		0.0043354075
  142.08984		0.016671297
  142.1875		0.00074500375
  142.28516		0.0010292783
  142.38281		0.0019900815
  142.48047		0.0039924756
  142.57813		0.0050696826
  142.67578		0.0062425463
  142.77344		0.0036585601
  142.87109		0.00082487599
  142.96875		0.0013566455
  143.06641		0.0021392044
  143.16406		0.013565635
  143.26172		0.0093874023
  143.35938		0.0090938981
  143.45703		0.013594273
  143.55469		0.00078610599
  143.65234		0.0021014763
  143.75		0.012037559
  143.84766		0.0059812007
  143.94531		0.0056043709
  144.04297		0.014999308
  144.14063		0.0034666024
  144.23828		0.0013518942
  144.33594		0.0082883648
  144.43359		0.013183327
  144.53125		0.0031461786
  144.62891		0.039019939
  144.72656		0.019933924
  144.82422		0.018641392
  144.92188		0.036508359
  145.01953		0.011890135
  145.11719		0.010066224
  145.21484		0.011986304
  145.3125		0.0097368594
  145.41016		0.017874472
  145.50781		0.010491166
  145.60547		0.018452479
  145.70313		0.011492368
  145.80078		0.024146611
  145.89844		0.018946327
  145.99609		0.0079440357
  146.09375		0.0184779
  146.19141		0.00024212887
  146.28906		0.022479239
  146.38672		0.0041577277
  146.48438		0.0061919499
  146.58203		0.031845211
  146.67969		0.010463475
  146.77734		0.02291068
  146.875		0.028592439
  146.97266		0.0011587598
  147.07031		0.018200138
  147.16797		0.04926546
  147.26563		0.033764763
  147.36328		0.0051369339
  147.46094		0.025463521
  147.55859		0.077788974
  147.65625		0.10332472
  147.75391		0.053755056
  147.85156		0.011890303
  147.94922		0.036836927
  148.04688		0.042956064
  148.14453		0.025027955
  148.24219		0.010086806
  148.33984		0.0223627
  148.4375		0.060681262
  148.53516		0.047342203
  148.63281		0.069314367
  148.73047		0.089934325
  148.82813		0.040396373
  148.92578		0.021318844
  149.02344		0.030388399
  149.12109		0.089777735
  149.21875		0.016512569
  149.31641		0.026841924
  149.41406		0.058433673
  149.51172		0.048605369
  149.60938		0.033487758
  149.70703		0.10073865
  149.80469		0.018106001
  149.90234		0.061431691
  150		0.057815291
  150.09766		0.027264793
  150.19531		0.02447335
  150.29297		0.10142125
  150.39063		0.094951464
  150.48828		0.0098104899
  150.58594		0.060037316
  150.68359		0.07307776
  150.78125		0.056431654
  150.87891		0.063665874
  150.97656		0.032415227
  151.07422		0.043409126
  151.17188		0.031379436
  151.26953		0.057523725
  151.36719		0.029185069
  151.46484		0.012343296
  151.5625		0.0019597332
  151.66016		0.0049005217
  151.75781		0.0077641913
  151.85547		0.014206524
  151.95313		0.0032518688
  152.05078		0.0035838736
  152.14844		0.002944389
  152.24609		0.0011389723
  152.34375		0.00029293759
  152.44141		0.0020616708
  152.53906		0.000017983402
  152.63672		0.002701469
  152.73438		0.0000144719
  152.83203		0.0098051093
  152.92969		0.0060004628
  153.02734		0.0027054784
  153.125		0.01313172
  153.22266		0.000098576174
  153.32031		0.000072130543
  153.41797		0.0027616343
  153.51563		0.0005697551
  153.61328		0.0018880166
  153.71094		0.0015011294
  153.80859		0.0060296881
  153.90625		0.0067509576
  154.00391		0.0017750749
  154.10156		0.0041218217
  154.19922		0.0011187953
  154.29688		0.00068662915
  154.39453		0.0014748137
  154.49219		0.00074866336
  154.58984		0.0022978903
  154.6875		0.00055589938
  154.78516		0.00085285468
  154.88281		0.00039871753
  154.98047		0.00023898846
  155.07813		0.00088310919
  155.17578		0.00017964883
  155.27344		0.0019539432
  155.37109		0.0012547484
  155.46875		0.004667718
  155.56641		0.0064968447
  155.66406		0.0033700777
  155.76172		0.0014510675
  155.85938		0.00045301299
  155.95703		0.00031938164
  156.05469		0.00037797709
  156.15234		0.0027531958
  156.25		0.0045065286
  156.34766		0.013273437
  156.44531		0.0019893079
  156.54297		0.0059230716
  156.64063		0.010439911
  156.73828		0.008046195
  156.83594		0.0050069393
  156.93359		0.006401112
  157.03125		0.001636069
  157.12891		0.001666974
  157.22656		0.004892092
  157.32422		0.00016279062
  157.42188		0.007797207
  157.51953		0.007575233
  157.61719		0.0058194635
  157.71484		0.0084028547
  157.8125		0.011995041
  157.91016		0.012213487
  158.00781		0.007980687
  158.10547		0.0087558417
  158.20313		0.006786462
  158.30078		0.0022218835
  158.39844		0.0094155701
  158.49609		0.015342245
  158.59375		0.0026678658
  158.69141		0.0045018337
  158.78906		0.01110255
  158.88672		0.013789345
  158.98438		0.0151059
  159.08203		0.0039578135
  159.17969		0.025709334
  159.27734		0.028874818
  159.375		0.001264727
  159.47266		0.024838604
  159.57031		0.015792685
  159.66797		0.001112237
  159.76563		0.018684277
  159.86328		0.0020937582
  159.96094		0.0071998041
  160.05859		0.020835365
  160.15625		0.012637235
  160.25391		0.016393092
  160.35156		0.0015059321
  160.44922		0.039614472
  160.54688		0.0011276906
  160.64453		0.015782168
  160.74219		0.0098316749
  160.83984		0.012495781
  160.9375		0.018370931
  161.03516		0.0070443888
  161.13281		0.030566103
  161.23047		0.0022846966
  161.32813		0.019411336
  161.42578		0.014531058
  161.52344		0.0027917023
  161.62109		0.034714068
  161.71875		0.012582368
  161.81641		0.0028406656
  161.91406		0.032777696
  162.01172		0.031006638
  162.10938		0.015091401
  162.20703		0.028675983
  162.30469		0.086985828
  162.40234		0.074837904
  162.5		0.019308659
  162.59766		0.046268515
  162.69531		0.063364529
  162.79297		0.022883019
  162.89063		0.00094916673
  162.98828		0.010516231
  163.08594		0.019977568
  163.18359		0.0056691223
  163.28125		0.044204542
  163.37891		0.031227444
  163.47656		0.085265014
  163.57422		0.069584269
  163.67188		0.021728737
  163.76953		0.0060140394
  163.86719		0.042055827
  163.96484		0.051530307
  164.0625		0.011706105
  164.16016		0.019149618
  164.25781		0.04076573
  164.35547		0.027400216
  164.45313		0.052964174
  164.55078		0.045275252
  164.64844		0.029079044
  164.74609		0.046459634
  164.84375		0.012157779
  164.94141		0.056459422
  165.03906		0.0080406459
  165.13672		0.052594779
  165.23438		0.021111557
  165.33203		0.041013474
  165.42969		0.027880621
  165.52734		0.042126354
  165.625		0.047412434
  165.72266		0.016416777
  165.82031		0.032371652
  165.91797		0.037674353
  166.01563		0.058441528
  166.11328		0.017859683
  166.21094		0.034963842
  166.30859		0.047313894
  166.40625		0.038263956
  166.50391		0.019647045
  166.60156		0.0011040184
  166.69922		0.010374116
  166.79688		0.0023685382
  166.89453		0.0057486132
  166.99219		0.0019640615
  167.08984		0.0024039778
  167.1875		0.0037661815
  167.28516		0.0013347728
  167.38281		0.0067823156
  167.48047		0.0031424731
  167.57813		0.0076876547
  167.67578		0.001498874
  167.77344		0.0050524004
  167.87109		0.0025540983
  167.96875		0.0056312244
  168.06641		0.0031401161
  168.16406		0.015624096
  168.26172		0.011169353
  168.35938		0.010514046
  168.45703		0.01310126
  168.55469		0.01174479
  168.65234		0.0063431029
  168.75		0.010669869
  168.84766		0.0072931481
  168.94531		0.000049954759
  169.04297		0.00051724415
  169.14063		0.0017467026
  169.23828		0.0021004628
  169.33594		0.001672327
  169.43359		0.0020227902
  169.53125		0.0039500946
  169.62891		0.00087090242
  169.72656		0.0001953869
  169.82422		0.00060745732
  169.92188		0.0017316008
  170.01953		0.0024586623
  170.11719		0.0078893107
  170.21484		0.0043478236
  170.3125		0.003367648
  170.41016		0.002576192
  170.50781		0.000024199452
  170.60547		0.0010902751
  170.70313		0.00091093955
  170.80078		0.00066669663
  170.89844		0.0043189261
  170.99609		0.0060665758
  171.09375		0.0056307944
  171.19141		0.0021491829
  171.28906		0.0053361822
  171.38672		0.0012507759
  171.48438		0.0039385494
  171.58203		0.00027041438
  171.67969		0.001630132
  171.77734		0.00018733204
  171.875		0.00044735475
  171.97266		0.0038748388
  172.07031		0.00081828415
  172.16797		0.0064438981
  172.26563		0.0037941074
  172.36328		0.0032645492
  172.46094		0.0055516344
  172.55859		0.0030817185
  172.65625		0.00022457975
  172.75391		0.0021161943
  172.85156		0.00035620558
  172.94922		0.0016812739
  173.04688		0.0060513119
  173.14453		0.0079619773
  173.24219		0.013133603
  173.33984		0.0021481793
  173.4375		0.0092896677
  173.53516		0.024638027
  173.63281		0.026965933
  173.73047		0.045174037
  173.82813		0.0099518251
  173.92578		0.0040745464
  174.02344		0.036845787
  174.12109		0.011926002
  174.21875		0.0098820415
  174.31641		0.0089515104
  174.41406		0.009201299
  174.51172		0.0036977645
  174.60938		0.03005705
  174.70703		0.0039873506
  174.80469		0.018266286
  174.90234		0.026030087
  175		0.0070490093
  175.09766		0.036244333
  175.19531		0.0054903443
  175.29297		0.016060085
  175.39063		0.01773763
  175.48828		0.0063900447
  175.58594		0.0084971733
  175.68359		0.03428512
  175.78125		0.012223398
  175.87891		0.034434869
  175.97656		0.028747113
  176.07422		0.00082444077
  176.17188		0.019841924
  176.26953		0.011602841
  176.36719		0.012971239
  176.46484		0.013104591
  176.5625		0.0042196319
  176.66016		0.0053397134
  176.75781		0.044139347
  176.85547		0.060604208
  176.95313		0.0033292327
  177.05078		0.030206648
  177.14844		0.030683306
  177.24609		0.043495092
  177.34375		0.056703044
  177.44141		0.045525496
  177.53906		0.0065267486
  177.63672		0.00188611
  177.73438		0.0010949363
  177.83203		0.0035963538
  177.92969		0.0093133188
  178.02734		0.014239836
  178.125		0.0098260968
  178.22266		0.067845003
  178.32031		0.051842568
  178.41797		0.070509447
  178.51563		0.011063487
  178.61328		0.014864282
  178.71094		0.034011049
  178.80859		0.028537215
  178.90625		0.026337827
  179.00391		0.013594106
  179.10156		0.039765696
  179.19922		0.0098343285
  179.29688		0.035499086
  179.39453		0.035651339
  179.49219		0.034898305
  179.58984		0.038996896
  179.6875		0.0083253542
  179.78516		0.040729487
  179.88281		0.0071729582
  179.98047		0.035599823
  180.07813		0.0082748807
  180.17578		0.034247145
  180.27344		0.016121725
  180.37109		0.018266958
  180.46875		0.048478368
  180.56641		0.033190873
  180.66406		0.013549517
  180.76172		0.014028028
  180.85938		0.018893914
  180.95703		0.076402356
  181.05469		0.063972548
  181.15234		0.018258095
  181.25		0.0059283987
  181.34766		0.015688837
  181.44531		0.014063725
  181.54297		0.011913027
  181.64063		0.0069602092
  181.73828		0.021803895
  181.83594		0.0037908927
  181.93359		0.01671732
  182.03125		0.0055324609
  182.12891		0.010403866
  182.22656		0.00045835999
  182.32422		0.00086503823
  182.42188		0.0078623486
  182.51953		0.0035627945
  182.61719		0.0087264601
  182.71484		0.00071838375
  182.8125		0.0043704745
  182.91016		0.0061364939
  183.00781		0.0037574575
  183.10547		0.0044457074
  183.20313		0.0015209918
  183.30078		0.0020072616
  183.39844		0.004005265
  183.49609		0.0037084148
  183.59375		0.00014234169
  183.69141		0.00015430996
  183.78906		0.0018557783
  183.88672		0.00058111985
  183.98438		0.00093038679
  184.08203		0.0014810738
  184.17969		0.0039936159
  184.27734		0.0013259766
  184.375		0.0052364077
  184.47266		0.0032417091
  184.57031		0.0031738628
  184.66797		0.00026176917
  184.76563		0.0010845273
  184.86328		0.0011471396
  184.96094		0.00030064917
  185.05859		0.000999926
  185.15625		0.0016839613
  185.25391		0.0046387483
  185.35156		0.0023944935
  185.44922		0.0027174189
  185.54688		0.00022172267
  185.64453		0.0022688496
  185.74219		0.0039131979
  185.83984		0.0047103429
  185.9375		0.0019665834
  186.03516		0.001373441
  186.13281		0.0019068329
  186.23047		0.00033277826
  186.32813		0.00071098692
  186.42578		0.0061403726
  186.52344		0.0065565182
  186.62109		0.0064312196
  186.71875		0.0047565923
  186.81641		0.0051139289
  186.91406		0.0079206272
  187.01172		0.0056623
  187.10938		0.0050098973
  187.20703		0.005898827
  187.30469		0.00017408724
  187.40234		0.00059418099
  187.5		0.00068315258
  187.59766		0.01245569
  187.69531		0.0061197608
  187.79297		0.0076389637
  187.89063		0.0041129811
  187.98828		0.0065400726
  188.08594		0.0013405757
  188.18359		0.0085191001
  188.28125		0.022374882
  188.37891		0.018941431
  188.47656		0.021485477
  188.57422		0.00040012043
  188.67188		0.012575773
  188.76953		0.027942467
  188.86719		0.015658833
  188.96484		0.014707165
  189.0625		0.012138164
  189.16016		0.025720716
  189.25781		0.012015107
  189.35547		0.011452357
  189.45313		0.026295996
  189.55078		0.013768151
  189.64844		0.019261112
  189.74609		0.0080322853
  189.84375		0.0076215027
  189.94141		0.018686325
  190.03906		0.0034783818
  190.13672		0.026461873
  190.23438		0.0050825951
  190.33203		0.015708
  190.42969		0.0054540927
  190.52734		0.037112491
  190.625		0.0022434517
  190.72266		0.041591631
  190.82031		0.025495338
  190.91797		0.0039871034
  191.01563		0.029067258
  191.11328		0.002152419
  191.21094		0.007450204
  191.30859		0.025064774
  191.40625		0.0013539538
  191.50391		0.031975018
  191.60156		0.060329039
  191.69922		0.010398784
  191.79688		0.0054475289
  191.89453		0.024261401
  191.99219		0.045237609
  192.08984		0.052649838
  192.1875		0.056796809
  192.28516		0.013006489
  192.38281		0.0002575371
  192.48047		0.0052963672
  192.57813		0.006557413
  192.67578		0.00052344099
  192.77344		0.0025141851
  192.87109		0.017228625
  192.96875		0.017347386
  193.06641		0.038629971
  193.16406		0.10757226
  193.26172		0.031894762
  193.35938		0.0014712892
  193.45703		0.012681712
  193.55469		0.017265019
  193.65234		0.074547604
  193.75		0.0049144709
  193.84766		0.031067889
  193.94531		0.015733241
  194.04297		0.0042087365
  194.14063		0.027077074
  194.23828		0.020362405
  194.33594		0.022985278
  194.43359		0.045971811
  194.53125		0.006513479
  194.62891		0.035429919
  194.72656		0.0029275961
  194.82422		0.029989017
  194.92188		0.014042126
  195.01953		0.010077069
  195.11719		0.0064061239
  195.21484		0.0375753
  195.3125		0.0093046921
  195.41016		0.010892414
  195.50781		0.041025421
  195.60547		0.0085229939
  195.70313		0.028076768
  195.80078		0.018350924
  195.89844		0.0062692335
  195.99609		0.029462041
  196.09375		0.030627472
  196.19141		0.0072858573
  196.28906		0.020358122
  196.38672		0.017842308
  196.48438		0.033430579
  196.58203		0.02557295
  196.67969		0.018653512
  196.77734		0.0029137929
  196.875		0.00062297767
  196.97266		0.011956962
  197.07031		0.006847148
  197.16797		0.013256725
  197.26563		0.0059887559
  197.36328		0.0037634625
  197.46094		0.00026775835
  197.55859		0.0015299617
  197.65625		0.0022152309
  197.75391		0.0031019828
  197.85156		0.00088856235
  197.94922		0.0071357462
  198.04688		0.0013137668
  198.14453		0.0004768617
  198.24219		0.0012559065
  198.33984		0.00011761933
  198.4375		0.002021135
  198.53516		0.00047527082
  198.63281		0.00041449936
  198.73047		0.0014595144
  198.82813		0.000074537258
  198.92578		0.001489438
  199.02344		0.0031977058
  199.12109		0.0088923265
  199.21875		0.0032632872
  199.31641		0.0012517147
  199.41406		0.0026399043
  199.51172		0.0030576164
  199.60938		0.0020266936
  199.70703		0.0029053347
  199.80469		0.000040976324
  199.90234		0.0017597262
  200		0.00017329538
