#  Hz		P
  0.390625		74.651623
  0.5859375		89.904895
  0.78125		61.009333
  0.9765625		17.521588
  1.171875		43.810475
  1.3671875		4.6674441
  1.5625		19.668727
  1.7578125		1.8963285
  1.953125		22.315079
  2.1484375		11.330919
  2.34375		33.875356
  2.5390625		3.7601764
  2.734375		8.1907808
  2.9296875		14.875204
  3.125		83.37503
  3.3203125		16.247026
  3.515625		150.31016
  3.7109375		106.07539
  3.90625		25.050712
  4.1015625		14.34659
  4.296875		10.211452
  4.4921875		8.3330852
  4.6875		3.1020461
  4.8828125		1.9328042
  5.078125		1.7421799
  5.2734375		1.284856
  5.46875		5.3537909
  5.6640625		3.8020326
  5.859375		1.9600502
  6.0546875		1.5418295
  6.25		2.1069591
  6.4453125		1.3469485
  6.640625		11.823639
  6.8359375		4.1694169
  7.03125		1.80927
  7.2265625		3.675389
  7.421875		3.6117531
  7.6171875		3.7071066
  7.8125		16.636438
  8.0078125		12.507088
  8.203125		0.27821552
  8.3984375		0.35948386
  8.59375		2.5932583
  8.7890625		1.2741008
  8.984375		1.6863064
  9.1796875		1.1344792
  9.375		0.97582444
  9.5703125		0.49537368
  9.765625		0.38893734
  9.9609375		2.1519087
  10.15625		1.1754068
  10.351562		1.0214775
  10.546875		1.2580053
  10.742188		0.92693615
  10.9375		3.9644124
  11.132812		0.73509906
  11.328125		5.7263757
  11.523438		8.3732971
  11.71875		1.7577169
  11.914062		1.5369011
  12.109375		3.3063985
  12.304688		0.56023929
  12.5		0.83040363
  12.695312		0.52961633
  12.890625		1.131092
  13.085938		1.8330395
  13.28125		0.13559525
  13.476562		1.4146395
  13.671875		0.33127531
  13.867188		0.35225207
  14.0625		0.93561054
  14.257812		0.025199183
  14.453125		2.714219
  14.648438		3.1563595
  14.84375		1.6033604
  15.039062		1.3560638
  15.234375		1.9396733
  15.429688		4.6532408
  15.625		2.6350933
  15.820312		0.00063483557
  16.015625		0.61543427
  16.210938		0.46293482
  16.40625		1.0563217
  16.601562		0.70508582
  16.796875		0.87423326
  16.992188		0.02870346
  17.1875		0.90185609
  17.382812		0.072105648
  17.578125		0.03608821
  17.773438		2.1791756
  17.96875		0.66193371
  18.164062		3.0180692
  18.359375		2.2490495
  18.554688		0.88264401
  18.75		0.49259184
  18.945312		0.65701976
  19.140625		0.29170201
  19.335938		0.95584214
  19.53125		1.6666018
  19.726562		0.22034505
  19.921875		0.84365244
  20.117188		0.8581365
  20.3125		1.5443255
  20.507812		0.45476866
  20.703125		0.57419091
  20.898438		0.27915595
  21.09375		0.24159266
  21.289062		2.4715641
  21.484375		0.34684107
  21.679688		0.55195721
  21.875		0.60704368
  22.070312		0.049915458
  22.265625		0.069497188
  22.460938		0.87665382
  22.65625		0.55809574
  22.851562		1.269568
  23.046875		1.629457
  23.242188		0.56801797
  23.4375		0.53256172
  23.632812		1.22846
  23.828125		1.1428732
  24.023438		0.057393379
  24.21875		0.064560647
  24.414062		0.013695543
  24.609375		0.85340196
  24.804688		1.160983
  25		0.020808465
  25.195312		0.34210666
  25.390625		0.37401694
  25.585938		0.46800245
  25.78125		0.33902716
  25.976562		1.6221115
  26.171875		1.2871907
  26.367188		0.18665242
  26.5625		0.14242309
  26.757812		0.33271839
  26.953125		0.3307373
  27.148438		1.7395265
  27.34375		0.38466309
  27.539062		0.040698812
  27.734375		0.56071652
  27.929688		0.13705043
  28.125		1.2578589
  28.320312		0.20693582
  28.515625		0.01620574
  28.710938		0.68847232
  28.90625		0.36818395
  29.101562		0.83244874
  29.296875		0.21004727
  29.492188		0.62754298
  29.6875		0.090854851
  29.882812		0.07317088
  30.078125		1.0756798
  30.273438		1.0029109
  30.46875		0.21453083
  30.664062		0.92464031
  30.859375		0.52672829
  31.054688		0.24327349
  31.25		0.31078518
  31.445312		0.39337673
  31.640625		0.3118528
  31.835938		0.060659245
  32.03125		0.11909891
  32.226562		0.60932336
  32.421875		0.13252787
  32.617188		0.3852416
  32.8125		0.57019201
  33.007812		0.66864978
  33.203125		0.48846202
  33.398438		0.10017141
  33.59375		0.78473085
  33.789062		0.6337873
  33.984375		0.10764707
  34.179688		0.2364951
  34.375		0.12641954
  34.570312		0.65758058
  34.765625		0.017198475
  34.960938		0.6249173
  35.15625		0.0003462475
  35.351562		0.21980604
  35.546875		0.48875027
  35.742188		0.18857252
  35.9375		0.21820069
  36.132812		0.034045776
  36.328125		0.31148431
  36.523438		0.72420361
  36.71875		0.43114506
  36.914062		0.019301691
  37.109375		0.076289563
  37.304688		0.058715678
  37.5		0.38199535
  37.695312		0.51702085
  37.890625		0.34573367
  38.085938		0.76765793
  38.28125		0.042016708
  38.476562		0.40872385
  38.671875		0.00081929037
  38.867188		0.15145303
  39.0625		0.20495591
  39.257812		0.0056800969
  39.453125		0.077726339
  39.648438		0.038947853
  39.84375		0.14062587
  40.039062		0.33178191
  40.234375		0.065915218
  40.429688		0.19462782
  40.625		0.61895767
  40.820312		0.4865666
  41.015625		0.15173716
  41.210938		0.22417469
  41.40625		0.19690676
  41.601562		0.40996123
  41.796875		0.29091534
  41.992188		0.068807755
  42.1875		0.039209679
  42.382812		0.26709902
  42.578125		0.040941334
  42.773438		0.13408795
  42.96875		0.088749817
  43.164062		0.22885374
  43.359375		0.034664119
  43.554688		0.18516816
  43.75		0.069733595
  43.945312		0.052884585
  44.140625		0.45662822
  44.335938		0.29785695
  44.53125		0.0052507484
  44.726562		0.28246154
  44.921875		0.34343597
  45.117188		0.034009702
  45.3125		0.40882309
  45.507812		0.40350139
  45.703125		0.0072734827
  45.898438		0.28104753
  46.09375		0.016144346
  46.289062		0.074120212
  46.484375		0.080671484
  46.679688		0.092312925
  46.875		0.071291243
  47.070312		0.01085535
  47.265625		0.13596959
  47.460938		0.0086489799
  47.65625		0.062877236
  47.851562		0.015374056
  48.046875		0.03946038
  48.242188		0.56404886
  48.4375		0.51472877
  48.632812		0.14739103
  48.828125		0.11895931
  49.023438		0.25133547
  49.21875		0.060492212
  49.414062		0.073317731
  49.609375		0.18180595
  49.804688		0.00035163218
  50		0.086030647
  50.195312		0.0084968468
  50.390625		0.042110305
  50.585938		0.053571797
  50.78125		0.067330465
  50.976562		0.014718372
  51.171875		0.023518644
  51.367188		0.065594062
  51.5625		0.0076196626
  51.757812		0.096667565
  51.953125		0.23084339
  52.148438		0.46287942
  52.34375		0.2188667
  52.539062		0.036620822
  52.734375		0.17213743
  52.929688		0.027273273
  53.125		0.21433301
  53.320312		0.031046451
  53.515625		0.014085389
  53.710938		0.0018324755
  53.90625		0.0027858965
  54.101562		0.00041547153
  54.296875		0.0038569876
  54.492188		0.050453779
  54.6875		0.13642515
  54.882812		0.056084736
  55.078125		0.0082371903
  55.273438		0.0064269989
  55.46875		0.0099985345
  55.664062		0.24608417
  55.859375		0.27944592
  56.054688		0.042100777
  56.25		0.31937772
  56.445312		0.12604677
  56.640625		0.023514474
  56.835938		0.041034831
  57.03125		0.047596228
  57.226562		0.0047127388
  57.421875		0.01968318
  57.617188		0.002337667
  57.8125		0.051955027
  58.007812		0.067154011
  58.203125		0.16653471
  58.398438		0.054569328
  58.59375		0.0051685127
  58.789062		0.037355818
  58.984375		0.037742978
  59.179688		0.032675692
  59.375		0.12352066
  59.570312		0.0029049654
  59.765625		0.23697137
  59.960938		0.25700897
  60.15625		0.15059748
  60.351562		0.03341426
  60.546875		0.035779902
  60.742188		0.0017109008
  60.9375		0.090290052
  61.132812		0.032605684
  61.328125		0.11969844
  61.523438		0.11052185
  61.71875		0.039475645
  61.914062		0.01726367
  62.109375		0.045860303
  62.304688		0.010593334
  62.5		0.0051053214
  62.695312		0.050449481
  62.890625		0.10990517
  63.085938		0.014120272
  63.28125		0.000018942873
  63.476562		0.084057132
  63.671875		0.3712307
  63.867188		0.1427572
  64.0625		0.070716402
  64.257812		0.044898136
  64.453125		0.10436198
  64.648438		0.035712642
  64.84375		0.059110242
  65.039062		0.043071586
  65.234375		0.0036332065
  65.429688		0.0098583327
  65.625		0.00061671499
  65.820312		0.019149061
  66.015625		0.022985629
  66.210938		0.102603
  66.40625		0.021697642
  66.601562		0.036598331
  66.796875		0.18944829
  66.992188		0.010214696
  67.1875		0.21205042
  67.382812		0.10949616
  67.578125		0.080254348
  67.773438		0.081895522
  67.96875		0.036203863
  68.164062		0.0015073306
  68.359375		0.0077867662
  68.554688		0.0086897711
  68.75		0.086297559
  68.945312		0.04589512
  69.140625		0.049199323
  69.335938		0.074769572
  69.53125		0.04065586
  69.726562		0.087652246
  69.921875		0.015564324
  70.117188		0.029313781
  70.3125		0.20178326
  70.507812		0.02722899
  70.703125		0.03088695
  70.898438		0.030228558
  71.09375		0.0072449993
  71.289062		0.085131383
  71.484375		0.14571971
  71.679688		0.093451637
  71.875		0.019309761
  72.070312		0.0080979501
  72.265625		0.12686473
  72.460938		0.064741848
  72.65625		0.057610048
  72.851562		0.05121152
  73.046875		0.10573821
  73.242188		0.026691994
  73.4375		0.016518896
  73.632812		0.063251453
  73.828125		0.080734554
  74.023438		0.010039877
  74.21875		0.00016489425
  74.414062		0.14551082
  74.609375		0.12054617
  74.804688		0.069605005
  75		0.054734128
  75.195312		0.063068538
  75.390625		0.00099238951
  75.585938		0.042278198
  75.78125		0.16905541
  75.976562		0.050672202
  76.171875		0.11526809
  76.367188		0.030970453
  76.5625		0.12652765
  76.757812		0.073992348
  76.953125		0.0042422197
  77.148438		0.057854782
  77.34375		0.020533127
  77.539062		0.0567783
  77.734375		0.011635633
  77.929688		0.04159946
  78.125		0.12813314
  78.320312		0.058282536
  78.515625		0.03395061
  78.710938		0.054189951
  78.90625		0.04299189
  79.101562		0.2006978
  79.296875		0.16760449
  79.492188		0.037363679
  79.6875		0.053835825
  79.882812		0.028857259
  80.078125		0.051088992
  80.273438		0.019687889
  80.46875		0.035454335
  80.664062		0.0069450873
  80.859375		0.10397106
  81.054688		0.012484087
  81.25		0.00647086
  81.445312		0.083862047
  81.640625		0.0734451
  81.835938		0.064770887
  82.03125		0.094157414
  82.226562		0.18791233
  82.421875		0.04506859
  82.617188		0.057373928
  82.8125		0.022651625
  83.007812		0.02610536
  83.203125		0.018404039
  83.398438		0.027287937
  83.59375		0.045443798
  83.789062		0.039343043
  83.984375		0.1386793
  84.179688		0.025366817
  84.375		0.093631191
  84.570312		0.0087879797
  84.765625		0.0019538103
  84.960938		0.15325443
  85.15625		0.059318301
  85.351562		0.020716479
  85.546875		0.028173325
  85.742188		0.059021855
  85.9375		0.014987569
  86.132812		0.033454303
  86.328125		0.057939892
  86.523438		0.10222371
  86.71875		0.048493592
  86.914062		0.06522129
  87.109375		0.0601786
  87.304688		0.075331526
  87.5		0.11372955
  87.695312		0.0077081729
  87.890625		0.0070316865
  88.085938		0.021203515
  88.28125		0.023381253
  88.476562		0.13954923
  88.671875		0.0092076308
  88.867188		0.003892122
  89.0625		0.068460839
  89.257812		0.022307008
  89.453125		0.036674401
  89.648438		0.063073284
  89.84375		0.12476797
  90.039062		0.054489022
  90.234375		0.025013875
  90.429688		0.07150775
  90.625		0.0223147
  90.820312		0.1440017
  91.015625		0.0053368476
  91.210938		0.033943467
  91.40625		0.044033254
  91.601562		0.045294657
  91.796875		0.056455108
  91.992188		0.02916778
  92.1875		0.012806919
  92.382812		0.033436685
  92.578125		0.071420601
  92.773438		0.052596757
  92.96875		0.027184708
  93.164062		0.034862
  93.359375		0.0032858861
  93.554688		0.010302443
  93.75		0.12257812
  93.945312		0.15760726
  94.140625		0.024072694
  94.335938		0.097260616
  94.53125		0.0096247209
  94.726562		0.017714524
  94.921875		0.042325649
  95.117188		0.010746904
  95.3125		0.011775162
  95.507812		0.023910782
  95.703125		0.00035439047
  95.898438		0.074984237
  96.09375		0.0054079236
  96.289062		0.052129562
  96.484375		0.018742143
  96.679688		0.049667071
  96.875		0.0808558
  97.070312		0.013850158
  97.265625		0.096776142
  97.460938		0.088576082
  97.65625		0.0063674458
  97.851562		0.0052558156
  98.046875		0.0071252237
  98.242188		0.045909035
  98.4375		0.000049434371
  98.632812		0.036547743
  98.828125		0.0066565961
  99.023438		0.068620536
  99.21875		0.019874557
  99.414062		0.046843367
  99.609375		0.0060929549
  99.804688		0.019852424
  100		0.011602793
  100.19531		0.049463009
  100.39062		0.077823087
  100.58594		0.01823548
  100.78125		0.014557442
  100.97656		0.0012352818
  101.17188		0.0077019075
  101.36719		0.015308622
  101.5625		0.053094983
  101.75781		0.10162921
  101.95312		0.00095110719
  102.14844		0.042302011
  102.34375		0.0065509356
  102.53906		0.029493886
  102.73438		0.0056459714
  102.92969		0.014734152
  103.125		0.041375377
  103.32031		0.012850306
  103.51562		0.0042827923
  103.71094		0.022940192
  103.90625		0.019302193
  104.10156		0.022443328
  104.29688		0.026827957
  104.49219		0.051767234
  104.6875		0.011138656
  104.88281		0.017076097
  105.07812		0.033747782
  105.27344		0.085715817
  105.46875		0.025092382
  105.66406		0.0021356886
  105.85938		0.024914512
  106.05469		0.00063716877
  106.25		0.011706606
  106.44531		0.0089733696
  106.64062		0.032749019
  106.83594		0.046248545
  107.03125		0.0076787898
  107.22656		0.018416846
  107.42188		0.0080579192
  107.61719		0.014807482
  107.8125		0.018353113
  108.00781		0.030111318
  108.20312		0.0036446262
  108.39844		0.052434034
  108.59375		0.058073519
  108.78906		0.014462698
  108.98438		0.026407979
  109.17969		0.017948
  109.375		0.014397816
  109.57031		0.010942363
  109.76562		0.00080910035
  109.96094		0.0030910114
  110.15625		0.01027214
  110.35156		0.044479106
  110.54688		0.030362256
  110.74219		0.00058243255
  110.9375		0.033965164
  111.13281		0.0093518205
  111.32812		0.00051160143
  111.52344		0.004284928
  111.71875		0.0016340695
  111.91406		0.057563767
  112.10938		0.056992435
  112.30469		0.0082488727
  112.5		0.00014718966
  112.69531		0.0085726021
  112.89062		0.00049420587
  113.08594		0.016341349
  113.28125		0.012780654
  113.47656		0.0052615886
  113.67188		0.022997223
  113.86719		0.013870894
  114.0625		0.019120801
  114.25781		0.00047809871
  114.45312		0.024062649
  114.64844		0.019117855
  114.84375		0.012331304
  115.03906		0.014128424
  115.23438		0.004810421
  115.42969		0.0038798512
  115.625		0.017683809
  115.82031		0.031641449
  116.01562		0.014682236
  116.21094		0.0051183188
  116.40625		0.008618087
  116.60156		0.0086794835
  116.79688		0.019056552
  116.99219		0.00018709483
  117.1875		0.023539615
  117.38281		0.014557307
  117.57812		0.0078013085
  117.77344		0.0084402748
  117.96875		0.0051959691
  118.16406		0.021818323
  118.35938		0.029241083
  118.55469		0.020635695
  118.75		0.0095330772
  118.94531		0.0072324836
  119.14062		0.0028649196
  119.33594		0.011775191
  119.53125		0.014406679
  119.72656		0.0003552173
  119.92188		0.042996015
  120.11719		0.024286475
  120.3125		0.0090635158
  120.50781		0.0030619507
  120.70312		0.031066673
  120.89844		0.015752983
  121.09375		0.0031485163
  121.28906		0.0029794753
  121.48438		0.0024151999
  121.67969		0.023227381
  121.875		0.023346102
  122.07031		0.02860451
  122.26562		0.0051468759
  122.46094		0.031900219
  122.65625		0.0060665915
  122.85156		0.000094655377
  123.04688		0.040720947
  123.24219		0.0040574852
  123.4375		0.046979882
  123.63281		0.019406691
  123.82812		0.0082894713
  124.02344		0.0027547107
  124.21875		0.0065928142
  124.41406		0.000074310407
  124.60938		0.0074639874
  124.80469		0.010722866
  125		0.030108196
  125.19531		0.053714698
  125.39062		0.0093401042
  125.58594		0.015311359
  125.78125		0.01834629
  125.97656		0.011503699
  126.17188		0.0026634601
  126.36719		0.015682105
  126.5625		0.055837289
  126.75781		0.0052303931
  126.95312		0.00054550407
  127.14844		0.001616089
  127.34375		0.0076910722
  127.53906		0.024786969
  127.73438		0.018958839
  127.92969		0.0077958239
  128.125		0.034296864
  128.32031		0.014057579
  128.51562		0.035588321
  128.71094		0.022454524
  128.90625		0.0079075985
  129.10156		0.00054253129
  129.29688		0.011099641
  129.49219		0.0047491642
  129.6875		0.0019900136
  129.88281		0.033694921
  130.07812		0.020651047
  130.27344		0.0013339984
  130.46875		0.02880216
  130.66406		0.028379961
  130.85938		0.023719947
  131.05469		0.021760612
  131.25		0.019123735
  131.44531		0.0033107765
  131.64062		0.017659876
  131.83594		0.00070643637
  132.03125		0.024394933
  132.22656		0.003093496
  132.42188		0.03320604
  132.61719		0.0095845837
  132.8125		0.023892232
  133.00781		0.02050262
  133.20312		0.002604325
  133.39844		0.028188452
  133.59375		0.0068927642
  133.78906		0.000046264122
  133.98438		0.055519329
  134.17969		0.028802269
  134.375		0.014318259
  134.57031		0.0037271265
  134.76562		0.013542679
  134.96094		0.015463598
  135.15625		0.027141367
  135.35156		0.025032574
  135.54688		0.026986141
  135.74219		0.012702862
  135.9375		0.02871172
  136.13281		0.012517937
  136.32812		0.013383563
  136.52344		0.010247264
  136.71875		0.028759241
  136.91406		0.0070713005
  137.10938		0.031799887
  137.30469		0.0027278394
  137.5		0.050236286
  137.69531		0.0029740263
  137.89062		0.005177423
  138.08594		0.036354474
  138.28125		0.032613748
  138.47656		0.052940122
  138.67188		0.0051760351
  138.86719		0.017158156
  139.0625		0.0027928311
  139.25781		0.0019355837
  139.45312		0.031155831
  139.64844		0.0037580051
  139.84375		0.049968875
  140.03906		0.0048218176
  140.23438		0.048737475
  140.42969		0.016007264
  140.625		0.024205663
  140.82031		0.011236076
  141.01562		0.010729767
  141.21094		0.021979934
  141.40625		0.0030312274
  141.60156		0.018410376
  141.79688		0.036697779
  141.99219		0.018750139
  142.1875		0.0061268367
  142.38281		0.01406315
  142.57812		0.025123501
  142.77344		0.02625901
  142.96875		0.037390157
  143.16406		0.02148871
  143.35938		0.033844856
  143.55469		0.01426846
  143.75		0.012752802
  143.94531		0.006605391
  144.14062		0.0026641398
  144.33594		0.0093528863
  144.53125		0.025205695
  144.72656		0.012302258
  144.92188		0.0099675731
  145.11719		0.0073096844
  145.3125		0.035394309
  145.50781		0.00064181736
  145.70312		0.023337248
  145.89844		0.051867606
  146.09375		0.029454345
  146.28906		0.014508343
  146.48438		0.0047318351
  146.67969		0.023539532
  146.875		0.004731598
  147.07031		0.012453806
  147.26562		0.0038968318
  147.46094		0.015464081
  147.65625		0.025348554
  147.85156		0.011202095
  148.04688		0.02400676
  148.24219		0.0044715103
  148.4375		0.0067201437
  148.63281		0.0259948
  148.82812		0.036309042
  149.02344		0.0056237832
  149.21875		0.008952307
  149.41406		0.028706377
  149.60938		0.0034896209
  149.80469		0.0064780437
  150		0.017130099
  150.19531		0.047034737
  150.39062		0.0086221231
  150.58594		0.011466187
  150.78125		0.014256095
  150.97656		0.011059126
  151.17188		0.029200448
  151.36719		0.0025379635
  151.5625		0.0038492977
  151.75781		0.024227476
  151.95312		0.0011066917
  152.14844		0.050168089
  152.34375		0.008167155
  152.53906		0.0066711038
  152.73438		0.0080940927
  152.92969		0.012641873
  153.125		0.011830524
  153.32031		0.0042303187
  153.51562		0.042310317
  153.71094		0.019956504
  153.90625		0.0083828307
  154.10156		0.010691364
  154.29688		0.0018831306
  154.49219		0.030917867
  154.6875		0.0028759899
  154.88281		0.019982776
  155.07812		0.0071609951
  155.27344		0.044238502
  155.46875		0.0011567086
  155.66406		0.01398628
  155.85938		0.0034225357
  156.05469		0.0013811986
  156.25		0.015705961
  156.44531		0.010479331
  156.64062		0.017114703
  156.83594		0.0045102557
  157.03125		0.0048009723
  157.22656		0.0066662344
  157.42188		0.011038417
  157.61719		0.035917687
  157.8125		0.0065939473
  158.00781		0.031403954
  158.20312		0.00098540464
  158.39844		0.0068107526
  158.59375		0.011741385
  158.78906		0.010161901
  158.98438		0.000030188556
  159.17969		0.0061097364
  159.375		0.0022515544
  159.57031		0.015537366
  159.76562		0.0015339873
  159.96094		0.016568334
  160.15625		0.0030795475
  160.35156		0.0072679447
  160.54688		0.0090716163
  160.74219		0.010021875
  160.9375		0.010140879
  161.13281		0.019816628
  161.32812		0.0042484165
  161.52344		0.00711811
  161.71875		0.0031697758
  161.91406		0.0034777193
  162.10938		0.0051260692
  162.30469		0.0013344611
  162.5		0.002521928
  162.69531		0.017765948
  162.89062		0.0028077309
  163.08594		0.014834069
  163.28125		0.0049125432
  163.47656		0.01228287
  163.67188		0.0017385535
  163.86719		0.0065736637
  164.0625		0.009709607
  164.25781		0.0084655544
  164.45312		0.0026084509
  164.64844		0.00043286038
  164.84375		0.0021194412
  165.03906		0.0018946662
  165.23438		0.007216464
  165.42969		0.014609438
  165.625		0.0029683066
  165.82031		0.0033538469
  166.01562		0.0034352161
  166.21094		0.013534533
  166.40625		0.0012446444
  166.60156		0.011056344
  166.79688		0.025942366
  166.99219		0.0070496278
  167.1875		0.0032346562
  167.38281		0.00021194936
  167.57812		0.0035555585
  167.77344		0.0025552454
  167.96875		0.00015972156
  168.16406		0.0090999845
  168.35938		0.0011893395
  168.55469		0.0043882579
  168.75		0.0013539709
  168.94531		0.015389493
  169.14062		0.0043017804
  169.33594		0.0045391747
  169.53125		0.016806991
  169.72656		0.0034431614
  169.92188		0.0065889126
  170.11719		0.0069062952
  170.3125		0.011812084
  170.50781		0.0045708355
  170.70312		0.0067813446
  170.89844		0.00090308972
  171.09375		0.0033694995
  171.28906		0.0053272665
  171.48438		0.0019881226
  171.67969		0.0059481605
  171.875		0.0001047275
  172.07031		0.012556873
  172.26562		0.0078396828
  172.46094		0.0047599927
  172.65625		0.0027813068
  172.85156		0.0041683329
  173.04688		0.0086552339
  173.24219		0.00060681366
  173.4375		0.0025235723
  173.63281		0.0020477671
  173.82812		0.0010768491
  174.02344		0.0081276066
  174.21875		0.010330507
  174.41406		0.00058124498
  174.60938		0.0099864797
  174.80469		0.011133348
  175		0.00077985233
  175.19531		0.0061276119
  175.39062		0.00030127099
  175.58594		0.0079175159
  175.78125		0.0032472325
  175.97656		0.0001316694
  176.17188		0.002347593
  176.36719		0.00081124728
  176.5625		0.0029257494
  176.75781		0.0042837755
  176.95312		0.0034449057
  177.14844		0.0030175573
  177.34375		0.002561168
  177.53906		0.0094905589
  177.73438		0.0030246898
  177.92969		0.0034788071
  178.125		0.0043669304
  178.32031		0.020761674
  178.51562		0.0043795871
  178.71094		0.0076816457
  178.90625		0.0030291799
  179.10156		0.0022878612
  179.29688		0.0031255607
  179.49219		0.0025648019
  179.6875		0.0093872333
  179.88281		0.0025113787
  180.07812		0.0031459794
  180.27344		0.0017762312
  180.46875		0.00069250612
  180.66406		0.0040886542
  180.85938		0.0038605347
  181.05469		0.024604434
  181.25		0.00056301897
  181.44531		0.014074486
  181.64062		0.0046996588
  181.83594		0.013947638
  182.03125		0.0046123395
  182.22656		0.0023275832
  182.42188		0.0096514083
  182.61719		0.01128118
  182.8125		0.012300219
  183.00781		0.0038476462
  183.20312		0.0019173452
  183.39844		0.0075438756
  183.59375		0.0014533915
  183.78906		0.013085969
  183.98438		0.0069097427
  184.17969		0.014537362
  184.375		0.014128179
  184.57031		0.015580153
  184.76562		0.006103022
  184.96094		0.0015672816
  185.15625		0.0055326058
  185.35156		0.007405802
  185.54688		0.003909494
  185.74219		0.0090362284
  185.9375		0.0043162151
  186.13281		0.035332613
  186.32812		0.0023671421
  186.52344		0.0037857684
  186.71875		0.014510158
  186.91406		0.016050965
  187.10938		0.012119858
  187.30469		0.0054636421
  187.5		0.018179712
  187.69531		0.001279066
  187.89062		0.0093914543
  188.08594		0.0012390395
  188.28125		0.0043974795
  188.47656		0.0096531851
  188.67188		0.0050068185
  188.86719		0.025132059
  189.0625		0.00091897959
  189.25781		0.011464274
  189.45312		0.010549691
  189.64844		0.01546029
  189.84375		0.0045072273
  190.03906		0.0033699846
  190.23438		0.035200185
  190.42969		0.014212107
  190.625		0.0047229179
  190.82031		0.0025861522
  191.01562		0.0074940917
  191.21094		0.0049180489
  191.40625		0.0090212247
  191.60156		0.011532133
  191.79688		0.011500045
  191.99219		0.01161764
  192.1875		0.0096540831
  192.38281		0.010470495
  192.57812		0.0086376381
  192.77344		0.0034262581
  192.96875		0.021849353
  193.16406		0.0050182857
  193.35938		0.013645433
  193.55469		0.0072601299
  193.75		0.023856738
  193.94531		0.0042506572
  194.14062		0.001060102
  194.33594		0.022443663
  194.53125		0.015645037
  194.72656		0.015144266
  194.92188		0.0061974232
  195.11719		0.0090089796
  195.3125		0.011829383
  195.50781		0.0021515679
  195.70312		0.024655136
  195.89844		0.0013525806
  196.09375		0.028420808
  196.28906		0.0026453036
  196.48438		0.025974173
  196.67969		0.0031994493
  196.875		0.0071897661
  197.07031		0.010046818
  197.26562		0.0056712724
  197.46094		0.0072436573
  197.65625		0.016703992
  197.85156		0.032900012
  198.04688		0.017572027
  198.24219		0.0066053484
  198.4375		0.014719293
  198.63281		0.0029815383
  198.82812		0.032111594
  199.02344		0.0034242892
  199.21875		0.028816487
  199.41406		0.0083973548
  199.60938		0.012367255
  199.80469		0.0084611815
  200		0.0020259369
  100.68359		0.011316062
  100.78125		0.027637019
  100.87891		0.04530337
  100.97656		0.044169892
  101.07422		0.082488721
  101.17188		0.011720348
  101.26953		0.017367697
  101.36719		0.008019343
  101.46484		0.024194102
  101.5625		0.036274297
  101.66016		0.017218479
  101.75781		0.087647188
  101.85547		0.1297414
  101.95313		0.068615422
  102.05078		0.012843972
  102.14844		0.011686448
  102.24609		0.030934648
  102.34375		0.035856177
  102.44141		0.028379253
  102.53906		0.007382945
  102.63672		0.042559875
  102.73438		0.043874541
  102.83203		0.0019178762
  102.92969		0.013927473
  103.02734		0.022371869
  103.125		0.0086953076
  103.22266		0.045049772
  103.32031		0.020897568
  103.41797		0.0038359817
  103.51563		0.024755333
  103.61328		0.0060868382
  103.71094		0.04756233
  103.80859		0.012763472
  103.90625		0.047630622
  104.00391		0.014443883
  104.10156		0.027877009
  104.19922		0.013431451
  104.29688		0.0032249195
  104.39453		0.0023562648
  104.49219		0.019941856
  104.58984		0.018310019
  104.6875		0.0036149229
  104.78516		0.054167643
  104.88281		0.032776169
  104.98047		0.0070184579
  105.07813		0.0025704682
  105.17578		0.0055557077
  105.27344		0.020405568
  105.37109		0.028358496
  105.46875		0.039322926
  105.56641		0.075497954
  105.66406		0.023476452
  105.76172		0.00748923
  105.85938		0.0056692011
  105.95703		0.029365534
  106.05469		0.042457443
  106.15234		0.03625102
  106.25		0.017603019
  106.34766		0.022704147
  106.44531		0.0050281579
  106.54297		0.022564625
  106.64063		0.021270782
  106.73828		0.02980036
  106.83594		0.024393065
  106.93359		0.0041853829
  107.03125		0.027112686
  107.12891		0.019488544
  107.22656		0.0082324393
  107.32422		0.042308213
  107.42188		0.023881767
  107.51953		0.016387606
  107.61719		0.027111562
  107.71484		0.013662682
  107.8125		0.048690583
  107.91016		0.0074476247
  108.00781		0.067831444
  108.10547		0.020488177
  108.20313		0.01133106
  108.30078		0.013418982
  108.39844		0.0085171079
  108.49609		0.026511309
  108.59375		0.0010327818
  108.69141		0.010191567
  108.78906		0.046882423
  108.88672		0.019152397
  108.98438		0.011247709
  109.08203		0.014380183
  109.17969		0.028265948
  109.27734		0.034684043
  109.375		0.032883371
  109.47266		0.044454044
  109.57031		0.025071232
  109.66797		0.0043879716
  109.76563		0.017410613
  109.86328		0.022190887
  109.96094		0.00065484419
  110.05859		0.031235199
  110.15625		0.033019784
  110.25391		0.018291327
  110.35156		0.040670174
  110.44922		0.0094202559
  110.54688		0.020626909
  110.64453		0.0047159924
  110.74219		0.0074994622
  110.83984		0.025834276
  110.9375		0.016392138
  111.03516		0.020514164
  111.13281		0.030610716
  111.23047		0.02480122
  111.32813		0.016672025
  111.42578		0.014629604
  111.52344		0.0015297816
  111.62109		0.032853797
  111.71875		0.02965946
  111.81641		0.0089901318
  111.91406		0.050290693
  112.01172		0.062064663
  112.10938		0.019943718
  112.20703		0.032824955
  112.30469		0.082183447
  112.40234		0.066334873
  112.5		0.034571616
  112.59766		0.0043501603
  112.69531		0.014572892
  112.79297		0.0071105982
  112.89063		0.0087975864
  112.98828		0.009575367
  113.08594		0.0040489532
  113.18359		0.027958968
  113.28125		0.033022429
  113.37891		0.0070522282
  113.47656		0.012294677
  113.57422		0.0015946424
  113.67188		0.028667134
  113.76953		0.0054365754
  113.86719		0.039761179
  113.96484		0.017077204
  114.0625		0.013373178
  114.16016		0.030091902
  114.25781		0.0091848018
  114.35547		0.00762716
  114.45313		0.0054567032
  114.55078		0.0003848013
  114.64844		0.018081114
  114.74609		0.022453177
  114.84375		0.014857882
  114.94141		0.018696217
  115.03906		0.018588841
  115.13672		0.013278058
  115.23438		0.0069001185
  115.33203		0.0066778407
  115.42969		0.0053139363
  115.52734		0.0071111237
  115.625		0.0366058
  115.72266		0.011101014
  115.82031		0.014676306
  115.91797		0.046357735
  116.01563		0.046160921
  116.11328		0.0059430948
  116.21094		0.0047613592
  116.30859		0.018636151
  116.40625		0.034760811
  116.50391		0.0097491506
  116.60156		0.011373146
  116.69922		0.046242793
  116.79688		0.026354886
  116.89453		0.00083691359
  116.99219		0.043553501
  117.08984		0.014685353
  117.1875		0.0019702369
  117.28516		0.030868957
  117.38281		0.024891445
  117.48047		0.019289732
  117.57813		0.0099420166
  117.67578		0.0216747
  117.77344		0.0361632
  117.87109		0.0050580378
  117.96875		0.03918604
  118.06641		0.013918774
  118.16406		0.033205111
  118.26172		0.0068465666
  118.35938		0.019276001
  118.45703		0.0058290262
  118.55469		0.014224304
  118.65234		0.018367269
  118.75		0.0030740186
  118.84766		0.009629737
  118.94531		0.0091336337
  119.04297		0.0037349429
  119.14063		0.047095435
  119.23828		0.064699776
  119.33594		0.0087820934
  119.43359		0.017058366
  119.53125		0.03221038
  119.62891		0.010065471
  119.72656		0.0013465938
  119.82422		0.0054589193
  119.92188		0.00247013
  120.01953		0.0099659
  120.11719		0.0097295559
  120.21484		0.013601242
  120.3125		0.019764314
  120.41016		0.01996669
  120.50781		0.012321248
  120.60547		0.0048446206
  120.70313		0.013081404
  120.80078		0.0070122642
  120.89844		0.023833304
  120.99609		0.01740202
  121.09375		0.0091278057
  121.19141		0.010736667
  121.28906		0.021918846
  121.38672		0.0130906
  121.48438		0.012841582
  121.58203		0.0080661686
  121.67969		0.0007881446
  121.77734		0.016020618
  121.875		0.012648849
  121.97266		0.012686569
  122.07031		0.056183085
  122.16797		0.013924073
  122.26563		0.018072378
  122.36328		0.10634265
  122.46094		0.041172593
  122.55859		0.0057633881
  122.65625		0.014974685
  122.75391		0.0062678473
  122.85156		0.014406831
  122.94922		0.017873033
  123.04688		0.0072316579
  123.14453		0.0061100285
  123.24219		0.030092573
  123.33984		0.02089654
  123.4375		0.0048854485
  123.53516		0.0004445641
  123.63281		0.0008002871
  123.73047		0.0091076964
  123.82813		0.016498905
  123.92578		0.030120231
  124.02344		0.013913095
  124.12109		0.029221127
  124.21875		0.01034338
  124.31641		0.035056319
  124.41406		0.00090027148
  124.51172		0.0070397315
  124.60938		0.011622549
  124.70703		0.00064144251
  124.80469		0.025661151
  124.90234		0.011991472
  125		0.013217597
  125.09766		0.014691697
  125.19531		0.010391888
  125.29297		0.014951714
  125.39063		0.010969786
  125.48828		0.0013630382
  125.58594		0.015707649
  125.68359		0.011630906
  125.78125		0.0070551201
  125.87891		0.033676755
  125.97656		0.064452456
  126.07422		0.0040719284
  126.17188		0.0029968731
  126.26953		0.022511026
  126.36719		0.027511956
  126.46484		0.0015149737
  126.5625		0.01041801
  126.66016		0.056716609
  126.75781		0.0052905499
  126.85547		0.0054287603
  126.95313		0.019304428
  127.05078		0.0083994583
  127.14844		0.0065125751
  127.24609		0.0040971826
  127.34375		0.039023408
  127.44141		0.010546759
  127.53906		0.028522858
  127.63672		0.00052561212
  127.73438		0.058010282
  127.83203		0.010493551
  127.92969		0.027453942
  128.02734		0.0087563458
  128.125		0.024690311
  128.22266		0.025370522
  128.32031		0.0049086167
  128.41797		0.02006021
  128.51563		0.01119539
  128.61328		0.0029959526
  128.71094		0.014431655
  128.80859		0.0038162264
  128.90625		0.0058936122
  129.00391		0.017017944
  129.10156		0.000041022824
  129.19922		0.029334784
  129.29688		0.029458846
  129.39453		0.0069963559
  129.49219		0.04882424
  129.58984		0.0080835505
  129.6875		0.002478074
  129.78516		0.0092802063
  129.88281		0.0079736958
  129.98047		0.0037715825
  130.07813		0.015177401
  130.17578		0.00027212641
  130.27344		0.021151152
  130.37109		0.014796717
  130.46875		0.014366375
  130.56641		0.012103579
  130.66406		0.0011676375
  130.76172		0.0008099872
  130.85938		0.0036087348
  130.95703		0.00044111549
  131.05469		0.010688853
  131.15234		0.006222348
  131.25		0.011018577
  131.34766		0.0057787852
  131.44531		0.03053221
  131.54297		0.0052228611
  131.64063		0.0093665479
  131.73828		0.014164947
  131.83594		0.0058051957
  131.93359		0.010729284
  132.03125		0.001567461
  132.12891		0.03692976
  132.22656		0.022750427
  132.32422		0.0088419589
  132.42188		0.084355504
  132.51953		0.014121742
  132.61719		0.020824359
  132.71484		0.0020584393
  132.8125		0.011162172
  132.91016		0.022692591
  133.00781		0.0038853578
  133.10547		0.0090998103
  133.20313		0.021547722
  133.30078		0.0098855217
  133.39844		0.012819293
  133.49609		0.0017676695
  133.59375		0.0051335588
  133.69141		0.0014349984
  133.78906		0.019859805
  133.88672		0.011117619
  133.98438		0.034218378
  134.08203		0.0058902065
  134.17969		0.027349902
  134.27734		0.0033933609
  134.375		0.015018219
  134.47266		0.0079231733
  134.57031		0.00088059599
  134.66797		0.0095223088
  134.76563		0.0016964632
  134.86328		0.018913069
  134.96094		0.0053352702
  135.05859		0.018964261
  135.15625		0.013241309
  135.25391		0.0040612369
  135.35156		0.011390422
  135.44922		0.02916777
  135.54688		0.00014654874
  135.64453		0.016373178
  135.74219		0.0028154008
  135.83984		0.0032691639
  135.9375		0.060707508
  136.03516		0.043641896
  136.13281		0.0062542622
  136.23047		0.017105976
  136.32813		0.028067446
  136.42578		0.011275303
  136.52344		0.0045545248
  136.62109		0.025265393
  136.71875		0.019731309
  136.81641		0.0059965686
  136.91406		0.0089737124
  137.01172		0.016388505
  137.10938		0.0008150012
  137.20703		0.01302212
  137.30469		0.017813503
  137.40234		0.008935154
  137.5		0.023731981
  137.59766		0.0064211189
  137.69531		0.023041616
  137.79297		0.025882504
  137.89063		0.0079272962
  137.98828		0.02439943
  138.08594		0.0076613495
  138.18359		0.027619946
  138.28125		0.0088257984
  138.37891		0.025677534
  138.47656		0.0042103652
  138.57422		0.0038816169
  138.67188		0.0061044216
  138.76953		0.011846252
  138.86719		0.0022227155
  138.96484		0.0027214977
  139.0625		0.029737752
  139.16016		0.0032094841
  139.25781		0.021318737
  139.35547		0.011845962
  139.45313		0.0101657
  139.55078		0.03361427
  139.64844		0.0050782575
  139.74609		0.0025099087
  139.84375		0.001316637
  139.94141		0.00024669666
  140.03906		0.007971003
  140.13672		0.0008439236
  140.23438		0.010175352
  140.33203		0.0034006923
  140.42969		0.015619321
  140.52734		0.010361916
  140.625		0.0080269851
  140.72266		0.0029957532
  140.82031		0.005050084
  140.91797		0.0059174676
  141.01563		0.0081869227
  141.11328		0.0018475228
  141.21094		0.0053943171
  141.30859		0.0070326326
  141.40625		0.001676587
  141.50391		0.0070263537
  141.60156		0.013049883
  141.69922		0.0019632718
  141.79688		0.024263004
  141.89453		0.0124005
  141.99219		0.0072463936
  142.08984		0.013386578
  142.1875		0.016987567
  142.28516		0.034388734
  142.38281		0.0022846951
  142.48047		0.039568188
  142.57813		0.000040361444
  142.67578		0.033012202
  142.77344		0.0044248774
  142.87109		0.03574089
  142.96875		0.0094627267
  143.06641		0.00021113924
  143.16406		0.017909828
  143.26172		0.01172141
  143.35938		0.0064162475
  143.45703		0.0024384627
  143.55469		0.010226809
  143.65234		0.0023016182
  143.75		0.0042825413
  143.84766		0.0095666905
  143.94531		0.018555276
  144.04297		0.012318048
  144.14063		0.025223518
  144.23828		0.005679485
  144.33594		0.012884806
  144.43359		0.0065275626
  144.53125		0.012393826
  144.62891		0.0087163371
  144.72656		0.0021025242
  144.82422		0.0026125695
  144.92188		0.012956957
  145.01953		0.0029957651
  145.11719		0.018917655
  145.21484		0.013176474
  145.3125		0.0072372493
  145.41016		0.0030083989
  145.50781		0.032342866
  145.60547		0.0030578633
  145.70313		0.01331639
  145.80078		0.013598317
  145.89844		0.011907689
  145.99609		0.032303001
  146.09375		0.015746747
  146.19141		0.0022967101
  146.28906		0.036733286
  146.38672		0.011098438
  146.48438		0.0056238391
  146.58203		0.030273347
  146.67969		0.011391993
  146.77734		0.013079483
  146.875		0.01702135
  146.97266		0.00048056742
  147.07031		0.0068284821
  147.16797		0.0035835603
  147.26563		0.016009776
  147.36328		0.012956643
  147.46094		0.0070706892
  147.55859		0.026950435
  147.65625		0.0036285199
  147.75391		0.03500424
  147.85156		0.0036250325
  147.94922		0.027642804
  148.04688		0.0022074148
  148.14453		0.030122676
  148.24219		0.010812996
  148.33984		0.0061649183
  148.4375		0.026213099
  148.53516		0.0046929938
  148.63281		0.0042524038
  148.73047		0.0030209504
  148.82813		0.0076657758
  148.92578		0.0068323903
  149.02344		0.00011679981
  149.12109		0.026733406
  149.21875		0.0057966767
  149.31641		0.018221185
  149.41406		0.0079433778
  149.51172		0.002225335
  149.60938		0.0052756474
  149.70703		0.013316184
  149.80469		0.0094103852
  149.90234		0.0025149891
  150		0.0037280601
  150.09766		0.00255796
  150.19531		0.0088484701
  150.29297		0.0031652965
  150.39063		0.003120499
  150.48828		0.012819487
  150.58594		0.016648454
  150.68359		0.0019126528
  150.78125		0.0049237203
  150.87891		0.0056477459
  150.97656		0.0043493937
  151.07422		0.0029012599
  151.17188		0.001100075
  151.26953		0.0004674359
  151.36719		0.0031278012
  151.46484		0.017388338
  151.5625		0.0093834164
  151.66016		0.016578698
  151.75781		0.011468464
  151.85547		0.0056722139
  151.95313		0.014993767
  152.05078		0.0026924586
  152.14844		0.020000924
  152.24609		0.017217946
  152.34375		0.02814687
  152.44141		0.0021075404
  152.53906		0.019385403
  152.63672		0.0054487078
  152.73438		0.018325184
  152.83203		0.018266447
  152.92969		0.033267066
  153.02734		0.00014343362
  153.125		0.0049001484
  153.22266		0.014463395
  153.32031		0.0011821073
  153.41797		0.003423925
  153.51563		0.002788041
  153.61328		0.0060225342
  153.71094		0.0090248183
  153.80859		0.0046368976
  153.90625		0.0040225016
  154.00391		0.019263751
  154.10156		0.012488845
  154.19922		0.01826867
  154.29688		0.012310128
  154.39453		0.0055629948
  154.49219		0.017099425
  154.58984		0.0015300686
  154.6875		0.0012844814
  154.78516		0.010948495
  154.88281		0.016815577
  154.98047		0.00186118
  155.07813		0.0023949157
  155.17578		0.032972525
  155.27344		0.00034172413
  155.37109		0.018282346
  155.46875		0.0019367277
  155.56641		0.027098434
  155.66406		0.0032983444
  155.76172		0.029118644
  155.85938		0.030114779
  155.95703		0.0089996035
  156.05469		0.010395854
  156.15234		0.0093274393
  156.25		0.0012637548
  156.34766		0.026279477
  156.44531		0.002486941
  156.54297		0.033371958
  156.64063		0.013557962
  156.73828		0.0075408011
  156.83594		0.027873809
  156.93359		0.0017448327
  157.03125		0.0059926195
  157.12891		0.0000964805
  157.22656		0.027368637
  157.32422		0.0060758699
  157.42188		0.01386327
  157.51953		0.03105918
  157.61719		0.0024298717
  157.71484		0.018800841
  157.8125		0.0054475527
  157.91016		0.011791154
  158.00781		0.017520175
  158.10547		0.0028935101
  158.20313		0.038219224
  158.30078		0.0025846849
  158.39844		0.018184604
  158.49609		0.0094297969
  158.59375		0.0085077123
  158.69141		0.018407126
  158.78906		0.0064309376
  158.88672		0.00054231348
  158.98438		0.02468342
  159.08203		0.0053079364
  159.17969		0.010183797
  159.27734		0.0039496545
  159.375		0.012201433
  159.47266		0.0084502935
  159.57031		0.0037275454
  159.66797		0.00032695034
  159.76563		0.0055969349
  159.86328		0.018925605
  159.96094		0.0053400613
  160.05859		0.0061829328
  160.15625		0.0038184977
  160.25391		0.0041194773
  160.35156		0.0038660202
  160.44922		0.0087260851
  160.54688		0.0092126868
  160.64453		0.0028962337
  160.74219		0.0073396265
  160.83984		0.0006030203
  160.9375		0.012886755
  161.03516		0.0016131388
  161.13281		0.0092208707
  161.23047		0.0027908839
  161.32813		0.0032171102
  161.42578		0.003780938
  161.52344		0.0028605938
  161.62109		0.011252676
  161.71875		0.002716847
  161.81641		0.0013933669
  161.91406		0.0061498168
  162.01172		0.043199703
  162.10938		0.016948269
  162.20703		0.0041076507
  162.30469		0.0093295701
  162.40234		0.0036064903
  162.5		0.012955231
  162.59766		0.009123697
  162.69531		0.018241481
  162.79297		0.015469031
  162.89063		0.011159397
  162.98828		0.0074310735
  163.08594		0.010392013
  163.18359		0.021412704
  163.28125		0.00062155501
  163.37891		0.0039387079
  163.47656		0.0014825814
  163.57422		0.0062997308
  163.67188		0.0025889182
  163.76953		0.016220785
  163.86719		0.000084819759
  163.96484		0.0024323056
  164.0625		0.010292968
  164.16016		0.022858704
  164.25781		0.013703022
  164.35547		0.0033044328
  164.45313		0.015876871
  164.55078		0.010054219
  164.64844		0.0015267013
  164.74609		0.0055731029
  164.84375		0.0016673293
  164.94141		0.0037331948
  165.03906		0.0021433381
  165.13672		0.019380501
  165.23438		0.0074977798
  165.33203		0.0061608448
  165.42969		0.021198982
  165.52734		0.0028723419
  165.625		0.019980111
  165.72266		0.0071015041
  165.82031		0.020588142
  165.91797		0.01274993
  166.01563		0.014799357
  166.11328		0.012959337
  166.21094		0.0052544846
  166.30859		0.0087416387
  166.40625		0.024101553
  166.50391		0.00022074028
  166.60156		0.016053913
  166.69922		0.0055028603
  166.79688		0.034417111
  166.89453		0.0002738104
  166.99219		0.016433234
  167.08984		0.0019306718
  167.1875		0.014612629
  167.28516		0.010570683
  167.38281		0.014810813
  167.48047		0.030264684
  167.57813		0.0021255534
  167.67578		0.0039873373
  167.77344		0.0025451818
  167.87109		0.0085469767
  167.96875		0.015063384
  168.06641		0.0011982947
  168.16406		0.03079331
  168.26172		0.0046322643
  168.35938		0.0095845613
  168.45703		0.01997889
  168.55469		0.0059179039
  168.65234		0.013011901
  168.75		0.0032360033
  168.84766		0.0088889587
  168.94531		0.0058157453
  169.04297		0.0078911547
  169.14063		0.0036149984
  169.23828		0.017516936
  169.33594		0.018675932
  169.43359		0.0017442777
  169.53125		0.0042582949
  169.62891		0.0095958836
  169.72656		0.0045762094
  169.82422		0.001760295
  169.92188		0.0060616214
  170.01953		0.0016239149
  170.11719		0.0092107462
  170.21484		0.014296409
  170.3125		0.0086680023
  170.41016		0.016229272
  170.50781		0.0014147195
  170.60547		0.0079631419
  170.70313		0.0010627576
  170.80078		0.0030011959
  170.89844		0.0072425409
  170.99609		0.0030307653
  171.09375		0.0068219047
  171.19141		0.0028295916
  171.28906		0.0066238128
  171.38672		0.0019883247
  171.48438		0.0067210234
  171.58203		0.0072148576
  171.67969		0.0085003475
  171.77734		0.010207584
  171.875		0.0011648859
  171.97266		0.0051619917
  172.07031		0.021981581
  172.16797		0.0022553656
  172.26563		0.0096112238
  172.36328		0.027557454
  172.46094		0.0010628486
  172.55859		0.0043711049
  172.65625		0.0067915449
  172.75391		0.018463214
  172.85156		0.000088152098
  172.94922		0.026351826
  173.04688		0.015047787
  173.14453		0.001206524
  173.24219		0.0045304084
  173.33984		0.013130424
  173.4375		0.0026245797
  173.53516		0.0030282863
  173.63281		0.0013118234
  173.73047		0.02732742
  173.82813		0.00092619406
  173.92578		0.0094611261
  174.02344		0.0046792351
  174.12109		0.011400859
  174.21875		0.026121474
  174.31641		0.011630147
  174.41406		0.003346419
  174.51172		0.024162565
  174.60938		0.00090972243
  174.70703		0.0027568682
  174.80469		0.0061242848
  174.90234		0.001543049
  175		0.0030476855
  175.09766		0.00035274142
  175.19531		0.018152875
  175.29297		0.0047880604
  175.39063		0.016246736
  175.48828		0.016430323
  175.58594		0.00072965219
  175.68359		0.0081777809
  175.78125		0.014175307
  175.87891		0.033509465
  175.97656		0.005055459
  176.07422		0.0068564845
  176.17188		0.010018821
  176.26953		0.0028373991
  176.36719		0.011050706
  176.46484		0.0042408769
  176.5625		0.0064203438
  176.66016		0.019411831
  176.75781		0.010948579
  176.85547		0.01679951
  176.95313		0.0047012883
  177.05078		0.00041361388
  177.14844		0.008543626
  177.24609		0.001670522
  177.34375		0.027830308
  177.44141		0.031846024
  177.53906		0.00049322629
  177.63672		0.006411858
  177.73438		0.0019421761
  177.83203		0.0032419056
  177.92969		0.012957072
  178.02734		0.012257672
  178.125		0.012984029
  178.22266		0.0071033825
  178.32031		0.017000658
  178.41797		0.0076715768
  178.51563		0.020314946
  178.61328		0.010016531
  178.71094		0.0074585166
  178.80859		0.0019315311
  178.90625		0.0093400842
  179.00391		0.006698757
  179.10156		0.0082872769
  179.19922		0.015563834
  179.29688		0.00074880899
  179.39453		0.0012642968
  179.49219		0.004727548
  179.58984		0.0022150752
  179.6875		0.002004509
  179.78516		0.00092953975
  179.88281		0.0036658648
  179.98047		0.015454812
  180.07813		0.012688609
  180.17578		0.003763996
  180.27344		0.0029049975
  180.37109		0.019491942
  180.46875		0.00080999266
  180.56641		0.0062812017
  180.66406		0.00076301931
  180.76172		0.016330398
  180.85938		0.0074621529
  180.95703		0.00918519
  181.05469		0.013493586
  181.15234		0.0048638116
  181.25		0.0042430236
  181.34766		0.0043576431
  181.44531		0.0000096731487
  181.54297		0.012465612
  181.64063		0.0070647571
  181.73828		0.012953513
  181.83594		0.0059723767
  181.93359		0.00052558993
  182.03125		0.01371862
  182.12891		0.0063741548
  182.22656		0.00035251312
  182.32422		0.008493765
  182.42188		0.016430671
  182.51953		0.011981683
  182.61719		0.003688587
  182.71484		0.016418576
  182.8125		0.020021576
  182.91016		0.00032423163
  183.00781		0.0045420011
  183.10547		0.0025462106
  183.20313		0.007250163
  183.30078		0.010701712
  183.39844		0.010141255
  183.49609		0.0013938
  183.59375		0.0011551065
  183.69141		0.0019487895
  183.78906		0.0084500763
  183.88672		0.0099764607
  183.98438		0.0016095554
  184.08203		0.0011751286
  184.17969		0.0087075597
  184.27734		0.029357366
  184.375		0.0015151945
  184.47266		0.034262537
  184.57031		0.0020487547
  184.66797		0.001934599
  184.76563		0.0048510512
  184.86328		0.012392605
  184.96094		0.00068899129
  185.05859		0.00088641073
  185.15625		0.0030411742
  185.25391		0.012561832
  185.35156		0.0039226341
  185.44922		0.028867628
  185.54688		0.0084468214
  185.64453		0.0036132193
  185.74219		0.0019812037
  185.83984		0.022553623
  185.9375		0.016579054
  186.03516		0.0031104635
  186.13281		0.00069046178
  186.23047		0.017160892
  186.32813		0.0038167298
  186.42578		0.009796052
  186.52344		0.0016103499
  186.62109		0.0037960471
  186.71875		0.0025943887
  186.81641		0.012343442
  186.91406		0.0058903987
  187.01172		0.019732704
  187.10938		0.0096864317
  187.20703		0.009888569
  187.30469		0.0049238651
  187.40234		0.031509411
  187.5		0.0032675173
  187.59766		0.0023872061
  187.69531		0.00014419334
  187.79297		0.0010755638
  187.89063		0.0091387984
  187.98828		0.013460352
  188.08594		0.00086735417
  188.18359		0.0041427415
  188.28125		0.016187483
  188.37891		0.000061056272
  188.47656		0.032127206
  188.57422		0.001451439
  188.67188		0.013877147
  188.76953		0.0069370175
  188.86719		0.0038311343
  188.96484		0.01043248
  189.0625		0.012982675
  189.16016		0.00037550649
  189.25781		0.0071704917
  189.35547		0.012087346
  189.45313		0.00019563972
  189.55078		0.0018181401
  189.64844		0.0036115092
  189.74609		0.00022997293
  189.84375		0.0054347937
  189.94141		0.0032082703
  190.03906		0.00038313153
  190.13672		0.005610463
  190.23438		0.0075576002
  190.33203		0.0013239002
  190.42969		0.01361269
  190.52734		0.0032268978
  190.625		0.000083081303
  190.72266		0.0058266682
  190.82031		0.00096078778
  190.91797		0.012697246
  191.01563		0.010360197
  191.11328		0.0090228142
  191.21094		0.0065129726
  191.30859		0.0049641148
  191.40625		0.0067803487
  191.50391		0.014213514
  191.60156		0.010097355
  191.69922		0.019768201
  191.79688		0.0073010024
  191.89453		0.00045619771
  191.99219		0.0028058137
  192.08984		0.016591494
  192.1875		0.00079556486
  192.28516		0.000086161659
  192.38281		0.0087976723
  192.48047		0.0009733895
  192.57813		0.026215134
  192.67578		0.00045068644
  192.77344		0.036686999
  192.87109		0.0051191124
  192.96875		0.0021742012
  193.06641		0.00086473998
  193.16406		0.0011742639
  193.26172		0.0077864213
  193.35938		0.0053020398
  193.45703		0.0067688586
  193.55469		0.005388741
  193.65234		0.0075087002
  193.75		0.003662248
  193.84766		0.0058481137
  193.94531		0.0081337379
  194.04297		0.0052001514
  194.14063		0.0049987318
  194.23828		0.017391302
  194.33594		0.0060719015
  194.43359		0.021535576
  194.53125		0.01670636
  194.62891		0.00035702518
  194.72656		0.0025590714
  194.82422		0.0086042649
  194.92188		0.00075835551
  195.01953		0.00033566284
  195.11719		0.010462882
  195.21484		0.010589802
  195.3125		0.00041778488
  195.41016		0.0046708175
  195.50781		0.04451703
  195.60547		0.00046816404
  195.70313		0.015722502
  195.80078		0.0025092396
  195.89844		0.013537818
  195.99609		0.0075839773
  196.09375		0.0070190645
  196.19141		0.000465741
  196.28906		0.01331775
  196.38672		0.0063150968
  196.48438		0.0069457642
  196.58203		0.0015348109
  196.67969		0.0064009266
  196.77734		0.00017913244
  196.875		0.0056644123
  196.97266		0.0045004778
  197.07031		0.0030004902
  197.16797		0.027285679
  197.26563		0.00066674386
  197.36328		0.032647656
  197.46094		0.012518598
  197.55859		0.0073843091
  197.65625		0.0081734863
  197.75391		0.0015580214
  197.85156		0.00020739552
  197.94922		0.014436375
  198.04688		0.004170969
  198.14453		0.0015572448
  198.24219		0.0093043325
  198.33984		0.0023953887
  198.4375		0.0093317348
  198.53516		0.0075794617
  198.63281		0.0095407943
  198.73047		0.0087928327
  198.82813		0.0011492843
  198.92578		0.023330645
  199.02344		0.0037210382
  199.12109		0.0050823759
  199.21875		0.0040114891
  199.31641		0.00052077326
  199.41406		0.0093811341
  199.51172		0.0027759512
  199.60938		0.00050414661
  199.70703		0.0081694407
  199.80469		0.0012425065
  199.90234		0.005545074
  200		0.00032423065
