#  Hz		P
  0.9765625		6.2450036
  1.171875		68.578125
  1.3671875		2.8357882
  1.5625		25.980556
  1.7578125		12.547972
  1.953125		4.4500407
  2.1484375		15.983783
  2.34375		0.11344695
  2.5390625		11.833751
  2.734375		3.7238764
  2.9296875		4.7077419
  3.125		8.0147068
  3.3203125		0.85336114
  3.515625		8.3682388
  3.7109375		0.18838449
  3.90625		6.1195276
  4.1015625		0.67543499
  4.296875		3.2356514
  4.4921875		0.86903521
  4.6875		2.2016796
  4.8828125		0.57992133
  5.078125		2.6909588
  5.2734375		0.84525138
  5.46875		3.5544921
  5.6640625		1.9281036
  5.859375		3.2307436
  6.0546875		2.648747
  6.25		1.8735816
  6.4453125		3.2579586
  6.640625		0.74860473
  6.8359375		2.4591479
  7.03125		0.66094136
  7.2265625		1.0292098
  7.421875		1.5765935
  7.6171875		0.69548747
  7.8125		3.0043903
  8.0078125		0.33961135
  8.203125		2.9985786
  8.3984375		0.002617931
  8.59375		2.5681482
  8.7890625		0.098870104
  8.984375		2.5556492
  9.1796875		1.5484424
  9.375		16.018204
  9.5703125		22.475599
  9.765625		114.39243
  9.9609375		78.7145
  10.15625		21.787201
  10.351562		6.9211738
  10.546875		6.343002
  10.742188		0.33493502
  10.9375		3.1561041
  11.132812		0.36020564
  11.328125		1.8673926
  11.523438		0.12830828
  11.71875		1.3648944
  11.914062		0.44440755
  12.109375		1.2938791
  12.304688		0.19649978
  12.5		0.46561129
  12.695312		0.12204169
  12.890625		0.10334169
  13.085938		0.62539984
  13.28125		0.14969626
  13.476562		0.88556167
  13.671875		0.29952732
  13.867188		0.73361809
  14.0625		1.0831268
  14.257812		0.90968145
  14.453125		1.9146276
  14.648438		0.89349741
  14.84375		1.6372869
  15.039062		0.36067542
  15.234375		0.60501538
  15.429688		0.047938341
  15.625		0.29080163
  15.820312		0.17414483
  16.015625		0.88256235
  16.210938		0.62764135
  16.40625		1.2126669
  16.601562		0.82619561
  16.796875		1.3088691
  16.992188		0.23160342
  17.1875		0.19047668
  17.382812		0.12434997
  17.578125		0.50191034
  17.773438		1.7398268
  17.96875		1.5202473
  18.164062		1.6253286
  18.359375		0.51429822
  18.554688		0.054564991
  18.75		1.2774667
  18.945312		1.6221414
  19.140625		4.9278973
  19.335938		3.4819352
  19.53125		7.0411415
  19.726562		21.114962
  19.921875		12.41976
  20.117188		6.6901512
  20.3125		6.0235147
  20.507812		2.4672607
  20.703125		1.5136651
  20.898438		2.6623688
  21.09375		2.2957048
  21.289062		1.6610151
  21.484375		0.94262968
  21.679688		0.14846827
  21.875		0.2509305
  22.070312		0.26113987
  22.265625		0.46874611
  22.460938		0.66714727
  22.65625		0.13724989
  22.851562		0.51635734
  23.046875		0.097760521
  23.242188		0.42114935
  23.4375		0.64542617
  23.632812		0.4490973
  23.828125		0.47226846
  24.023438		0.17368306
  24.21875		0.037685407
  24.414062		0.30748062
  24.609375		0.2982409
  24.804688		1.0652172
  25		0.66270084
  25.195312		1.0175739
  25.390625		0.50530319
  25.585938		0.54546047
  25.78125		0.52138861
  25.976562		0.178345
  26.171875		0.50870499
  26.367188		0.057899072
  26.5625		0.16206331
  26.757812		0.33306624
  26.953125		0.36926809
  27.148438		0.74501813
  27.34375		0.39805825
  27.539062		0.17686081
  27.734375		0.067541043
  27.929688		0.29658124
  28.125		0.9562265
  28.320312		0.63111307
  28.515625		0.61661549
  28.710938		0.45549586
  28.90625		1.3881104
  29.101562		2.8532185
  29.296875		1.4128346
  29.492188		2.716643
  29.6875		7.740837
  29.882812		1.5173295
  30.078125		7.6383458
  30.273438		4.0567038
  30.46875		1.3626155
  30.664062		1.59372
  30.859375		0.12248267
  31.054688		0.16119429
  31.25		0.40132942
  31.445312		0.32286919
  31.640625		0.33885125
  31.835938		0.20179934
  32.03125		0.017347904
  32.226562		0.20675837
  32.421875		0.17464358
  32.617188		0.23313064
  32.8125		0.28963304
  33.007812		0.091686057
  33.203125		0.020992941
  33.398438		0.18337469
  33.59375		0.20803409
  33.789062		0.84879111
  33.984375		0.5450169
  34.179688		0.90506513
  34.375		0.32424137
  34.570312		0.30988727
  34.765625		0.038334403
  34.960938		0.11277619
  35.15625		0.31553898
  35.351562		0.15864705
  35.546875		0.27642188
  35.742188		0.050544871
  35.9375		0.033034406
  36.132812		0.099785536
  36.328125		0.015547047
  36.523438		0.1208223
  36.71875		0.017997616
  36.914062		0.078898303
  37.109375		0.38609242
  37.304688		0.57748876
  37.5		0.57069902
  37.695312		0.29864069
  37.890625		0.13881556
  38.085938		0.46753941
  38.28125		0.96779655
  38.476562		1.3299716
  38.671875		0.29094707
  38.867188		0.31533942
  39.0625		2.264879
  39.257812		2.3829283
  39.453125		0.72146186
  39.648438		0.67492745
  39.84375		2.3825209
  40.039062		2.4274284
  40.234375		1.1022692
  40.429688		1.4382584
  40.625		0.78350653
  40.820312		0.23299466
  41.015625		0.078485363
  41.210938		0.22182031
  41.40625		0.11143954
  41.601562		0.38946494
  41.796875		0.21299655
  41.992188		0.22365002
  42.1875		0.077737566
  42.382812		0.0029024885
  42.578125		0.096044456
  42.773438		0.22836381
  42.96875		0.31562342
  43.164062		0.25980335
  43.359375		0.16732514
  43.554688		0.15056847
  43.75		0.017961928
  43.945312		0.037479976
  44.140625		0.095406611
  44.335938		0.13624938
  44.53125		0.12689885
  44.726562		0.11892355
  44.921875		0.035883247
  45.117188		0.20338066
  45.3125		0.11777986
  45.507812		0.51224482
  45.703125		0.27371447
  45.898438		0.2909759
  46.09375		0.042129909
  46.289062		0.12358382
  46.484375		0.054310892
  46.679688		0.15975782
  46.875		0.074622643
  47.070312		0.078830087
  47.265625		0.09879663
  47.460938		0.34141536
  47.65625		0.64898085
  47.851562		0.59372077
  48.046875		0.39237935
  48.242188		0.16512778
  48.4375		0.31536081
  48.632812		0.53437539
  48.828125		0.54870509
  49.023438		0.6300239
  49.21875		0.3993157
  49.414062		0.22770332
  49.609375		0.82940308
  49.804688		0.94234136
  50		0.88364945
  50.195312		1.1142729
  50.390625		0.72680507
  50.585938		0.88220127
  50.78125		0.092465359
  50.976562		0.38608651
  51.171875		0.053147165
  51.367188		0.2025714
  51.5625		0.027052022
  51.757812		0.040884588
  51.953125		0.086462861
  52.148438		0.022005243
  52.34375		0.091992798
  52.539062		0.0017207918
  52.734375		0.037985172
  52.929688		0.019950716
  53.125		0.02878773
  53.320312		0.028803303
  53.515625		0.014124319
  53.710938		0.064512714
  53.90625		0.0018942856
  54.101562		0.23159035
  54.296875		0.14031772
  54.492188		0.34780989
  54.6875		0.26549783
  54.882812		0.34077571
  55.078125		0.22047595
  55.273438		0.20858191
  55.46875		0.13010611
  55.664062		0.0035076214
  55.859375		0.031732884
  56.054688		0.0096486889
  56.25		0.052824711
  56.445312		0.1242344
  56.640625		0.027810949
  56.835938		0.04525888
  57.03125		0.1262214
  57.226562		0.086027197
  57.421875		0.30025938
  57.617188		0.28812598
  57.8125		0.19490293
  58.007812		0.20185342
  58.203125		0.22161627
  58.398438		0.30415572
  58.59375		0.27590947
  58.789062		0.16873207
  58.984375		0.27533528
  59.179688		0.40361097
  59.375		0.23729377
  59.570312		0.18610543
  59.765625		0.62581179
  59.960938		0.46919733
  60.15625		0.56695033
  60.351562		0.95843044
  60.546875		0.16327151
  60.742188		0.50146699
  60.9375		0.028918621
  61.132812		0.1575449
  61.328125		0.034870656
  61.523438		0.068344012
  61.71875		0.033273602
  61.914062		0.032784427
  62.109375		0.048095109
  62.304688		0.031370412
  62.5		0.018134058
  62.695312		0.030305679
  62.890625		0.027533654
  63.085938		0.055817588
  63.28125		0.049629666
  63.476562		0.055637681
  63.671875		0.073892553
  63.867188		0.09936519
  64.0625		0.2322287
  64.257812		0.082097157
  64.453125		0.28063903
  64.648438		0.073409222
  64.84375		0.1731199
  65.039062		0.015016974
  65.234375		0.036345486
  65.429688		0.14174682
  65.625		0.059652865
  65.820312		0.23441701
  66.015625		0.10137217
  66.210938		0.12730998
  66.40625		0.052786468
  66.601562		0.0036946514
  66.796875		0.10025916
  66.992188		0.067270389
  67.1875		0.035911955
  67.382812		0.22160882
  67.578125		0.22052078
  67.773438		0.14281974
  67.96875		0.15090451
  68.164062		0.15289154
  68.359375		0.112336
  68.554688		0.12582908
  68.75		0.34209752
  68.945312		0.3070386
  69.140625		0.036119338
  69.335938		0.18030228
  69.53125		0.4874532
  69.726562		0.066474816
  69.921875		0.500843
  70.117188		0.50070436
  70.3125		0.29629324
  70.507812		0.45733668
  70.703125		0.18923545
  70.898438		0.075651806
  71.09375		0.095879107
  71.289062		0.02985803
  71.484375		0.09320948
  71.679688		0.029711324
  71.875		0.052100284
  72.070312		0.055367513
  72.265625		0.044880947
  72.460938		0.018848798
  72.65625		0.018594662
  72.851562		0.021259935
  73.046875		0.10029606
  73.242188		0.036813274
  73.4375		0.16064097
  73.632812		0.059147299
  73.828125		0.14179942
  74.023438		0.0049134099
  74.21875		0.045872576
  74.414062		0.039302492
  74.609375		0.012682717
  74.804688		0.22114587
  75		0.13010362
  75.195312		0.19650307
  75.390625		0.063275586
  75.585938		0.092049377
  75.78125		0.24790545
  75.976562		0.14341031
  76.171875		0.14581413
  76.367188		0.0016008887
  76.5625		0.0038605823
  76.757812		0.16624997
  76.953125		0.13265387
  77.148438		0.074477693
  77.34375		0.080446752
  77.539062		0.17050683
  77.734375		0.14564457
  77.929688		0.069738777
  78.125		0.1496921
  78.320312		0.36694395
  78.515625		0.26531224
  78.710938		0.013612966
  78.90625		0.15236684
  79.101562		0.15220345
  79.296875		0.042369474
  79.492188		0.11383118
  79.6875		0.13564937
  79.882812		0.29090921
  80.078125		0.15475623
  80.273438		0.40526771
  80.46875		0.28752106
  80.664062		0.19118807
  80.859375		0.12934993
  81.054688		0.11124769
  81.25		0.027997938
  81.445312		0.12253934
  81.640625		0.00026658105
  81.835938		0.11060964
  82.03125		0.058448225
  82.226562		0.15638301
  82.421875		0.028799006
  82.617188		0.029211053
  82.8125		0.039639807
  83.007812		0.0054782484
  83.203125		0.068942808
  83.398438		0.019671672
  83.59375		0.038282007
  83.789062		0.045173005
  83.984375		0.0038396346
  84.179688		0.059623869
  84.375		0.013235692
  84.570312		0.015408618
  84.765625		0.20626502
  84.960938		0.15111187
  85.15625		0.36378279
  85.351562		0.19159822
  85.546875		0.24192078
  85.742188		0.016387661
  85.9375		0.014807066
  86.132812		0.13054363
  86.328125		0.051646719
  86.523438		0.096131384
  86.71875		0.032751689
  86.914062		0.10972391
  87.109375		0.12116667
  87.304688		0.089348318
  87.5		0.047590512
  87.695312		0.07691858
  87.890625		0.21935281
  88.085938		0.1113318
  88.28125		0.083372371
  88.476562		0.055323346
  88.671875		0.028436108
  88.867188		0.14778324
  89.0625		0.064553911
  89.257812		0.0049300056
  89.453125		0.20120731
  89.648438		0.088573172
  89.84375		0.18983833
  90.039062		0.29030431
  90.234375		0.12290119
  90.429688		0.43981686
  90.625		0.024408523
  90.820312		0.21952946
  91.015625		0.005167528
  91.210938		0.096078557
  91.40625		0.020666329
  91.601562		0.038406704
  91.796875		0.023763933
  91.992188		0.012947493
  92.1875		0.12597505
  92.382812		0.013374472
  92.578125		0.096299353
  92.773438		0.0045253782
  92.96875		0.011811428
  93.164062		0.013156727
  93.359375		0.026476923
  93.554688		0.0607699
  93.75		0.058693915
  93.945312		0.025051987
  94.140625		0.17100169
  94.335938		0.085664671
  94.53125		0.25843291
  94.726562		0.049960649
  94.921875		0.043081386
  95.117188		0.039349644
  95.3125		0.0477962
  95.507812		0.20738327
  95.703125		0.066146669
  95.898438		0.025632894
  96.09375		0.025195953
  96.289062		0.018468197
  96.484375		0.08434105
  96.679688		0.027774468
  96.875		0.051776866
  97.070312		0.04522719
  97.265625		0.11258457
  97.460938		0.054220756
  97.65625		0.061887329
  97.851562		0.20757931
  98.046875		0.046700944
  98.242188		0.089001322
  98.4375		0.076089076
  98.632812		0.037469344
  98.828125		0.054245332
  99.023438		0.11567178
  99.21875		0.017263663
  99.414062		0.043171598
  99.609375		0.18378684
  99.804688		0.039471203
  100		0.18786139
  100.19531		0.21582558
  100.39062		0.13289308
  100.58594		0.080545853
  100.78125		0.14043282
  100.97656		0.0088468854
  101.17188		0.088436378
  101.36719		0.015790814
  101.5625		0.095317508
  101.75781		0.0036893602
  101.95312		0.027913739
  102.14844		0.030331926
  102.34375		0.013237625
  102.53906		0.12070489
  102.73438		0.033634288
  102.92969		0.095372881
  103.125		0.034900298
  103.32031		0.03667546
  103.51562		0.014102792
  103.71094		0.0067367795
  103.90625		0.040314368
  104.10156		0.0067624626
  104.29688		0.0084052593
  104.49219		0.054075889
  104.6875		0.0048464638
  104.88281		0.05885014
  105.07812		0.058967811
  105.27344		0.035807118
  105.46875		0.13792473
  105.66406		0.042194205
  105.85938		0.087056341
  106.05469		0.014462853
  106.25		0.006509806
  106.44531		0.043139941
  106.64062		0.068094097
  106.83594		0.022340954
  107.03125		0.019931618
  107.22656		0.16613855
  107.42188		0.060854503
  107.61719		0.0029432409
  107.8125		0.071153933
  108.00781		0.10552008
  108.20312		0.023959421
  108.39844		0.029541285
  108.59375		0.054819152
  108.78906		0.058884003
  108.98438		0.0028873789
  109.17969		0.036750799
  109.375		0.072141809
  109.57031		0.04207666
  109.76562		0.067490963
  109.96094		0.2839928
  110.15625		0.078887113
  110.35156		0.13680892
  110.54688		0.088616911
  110.74219		0.064892297
  110.9375		0.026366327
  111.13281		0.025093157
  111.32812		0.018278242
  111.52344		0.041104385
  111.71875		0.00078623371
  111.91406		0.053878514
  112.10938		0.001248656
  112.30469		0.067884955
  112.5		0.014542583
  112.69531		0.021979599
  112.89062		0.024713528
  113.08594		0.0033379659
  113.28125		0.032059179
  113.47656		0.020666185
  113.67188		0.013496433
  113.86719		0.024031202
  114.0625		0.0027022129
  114.25781		0.003729155
  114.45312		0.029532529
  114.64844		0.0056266657
  114.84375		0.12706287
  115.03906		0.08933914
  115.23438		0.045404418
  115.42969		0.032708859
  115.625		0.0033587545
  115.82031		0.012533891
  116.01562		0.032488675
  116.21094		0.014900752
  116.40625		0.016507201
  116.60156		0.057961723
  116.79688		0.046190544
  116.99219		0.024405133
  117.1875		0.076149011
  117.38281		0.070317864
  117.57812		0.014567667
  117.77344		0.041441892
  117.96875		0.025405879
  118.16406		0.1405821
  118.35938		0.033350799
  118.55469		0.035188902
  118.75		0.00058880739
  118.94531		0.062471013
  119.14062		0.035909113
  119.33594		0.002595417
  119.53125		0.010006063
  119.72656		0.10067889
  119.92188		0.11532657
  120.11719		0.11292812
  120.3125		0.068172837
  120.50781		0.1483678
  120.70312		0.047415424
  120.89844		0.028700673
  121.09375		0.025283045
  121.28906		0.027741787
  121.48438		0.021051519
  121.67969		0.023300113
  121.875		0.015746524
  122.07031		0.012351492
  122.26562		0.018974135
  122.46094		0.0068716349
  122.65625		0.036123058
  122.85156		0.067058057
  123.04688		0.032337089
  123.24219		0.047117908
  123.4375		0.0019597388
  123.63281		0.019019961
  123.82812		0.0036017685
  124.02344		0.0044195157
  124.21875		0.0077309569
  124.41406		0.040768655
  124.60938		0.059909705
  124.80469		0.1222031
  125		0.0016033221
  125.19531		0.009588173
  125.39062		0.017070603
  125.58594		0.0088511992
  125.78125		0.036752029
  125.97656		0.014442332
  126.17188		0.046134023
  126.36719		0.039650425
  126.5625		0.034353055
  126.75781		0.028804851
  126.95312		0.024689812
  127.14844		0.10267796
  127.34375		0.023658599
  127.53906		0.0073723398
  127.73438		0.0041772563
  127.92969		0.059472441
  128.125		0.11076169
  128.32031		0.00032922004
  128.51562		0.021953852
  128.71094		0.027307937
  128.90625		0.039720825
  129.10156		0.017317549
  129.29688		0.013098572
  129.49219		0.0048282504
  129.6875		0.13698007
  129.88281		0.14260872
  130.07812		0.050028623
  130.27344		0.25828187
  130.46875		0.046836444
  130.66406		0.039491158
  130.85938		0.019109445
  131.05469		0.022498989
  131.25		0.0090167133
  131.44531		0.017453432
  131.64062		0.014061499
  131.83594		0.013910142
  132.03125		0.028208127
  132.22656		0.014367492
  132.42188		0.008880655
  132.61719		0.045543359
  132.8125		0.054451311
  133.00781		0.057168406
  133.20312		0.052487883
  133.39844		0.029881919
  133.59375		0.0039144505
  133.78906		0.042542991
  133.98438		0.029414552
  134.17969		0.064001088
  134.375		0.0095030259
  134.57031		0.0018387545
  134.76562		0.04936334
  134.96094		0.0058016157
  135.15625		0.021941705
  135.35156		0.0034674984
  135.54688		0.012623737
  135.74219		0.030473843
  135.9375		0.025202091
  136.13281		0.048348033
  136.32812		0.036940523
  136.52344		0.030434833
  136.71875		0.014532791
  136.91406		0.021675294
  137.10938		0.096554141
  137.30469		0.0017222788
  137.5		0.066479794
  137.69531		0.03220776
  137.89062		0.034887785
  138.08594		0.068770032
  138.28125		0.024392898
  138.47656		0.050055002
  138.67188		0.0063014069
  138.86719		0.10169029
  139.0625		0.0022885151
  139.25781		0.083439893
  139.45312		0.040276292
  139.64844		0.028520009
  139.84375		0.014650157
  140.03906		0.12508059
  140.23438		0.2263313
  140.42969		0.011895794
  140.625		0.10320128
  140.82031		0.0056146579
  141.01562		0.029582197
  141.21094		0.0060607845
  141.40625		0.043450194
  141.60156		0.0039020107
  141.79688		0.018547991
  141.99219		0.020773431
  142.1875		0.047640192
  142.38281		0.094156337
  142.57812		0.061047734
  142.77344		0.0090481223
  142.96875		0.00094680935
  143.16406		0.028041809
  143.35938		0.014729967
  143.55469		0.033074246
  143.75		0.00012368595
  143.94531		0.0001893948
  144.14062		0.024972386
  144.33594		0.0052601389
  144.53125		0.001011162
  144.72656		0.032429568
  144.92188		0.0075489824
  145.11719		0.04187391
  145.3125		0.00036582034
  145.50781		0.049040074
  145.70312		0.079678053
  145.89844		0.073807815
  146.09375		0.0074308154
  146.28906		0.028523957
  146.48438		0.062406834
  146.67969		0.005872059
  146.875		0.0028315112
  147.07031		0.046870982
  147.26562		0.022164406
  147.46094		0.041522384
  147.65625		0.02858161
  147.85156		0.081180004
  148.04688		0.010268179
  148.24219		0.02851476
  148.4375		0.015568853
  148.63281		0.002480202
  148.82812		0.046038603
  149.02344		0.010840147
  149.21875		0.15021935
  149.41406		0.026597723
  149.60938		0.017937662
  149.80469		0.064821938
  150		0.049434992
  150.19531		0.15623086
  150.39062		0.011849067
  150.58594		0.16470182
  150.78125		0.025621589
  150.97656		0.041757783
  151.17188		0.0077766382
  151.36719		0.013094354
  151.5625		0.004421957
  151.75781		0.031266353
  151.95312		0.010869509
  152.14844		0.00028664643
  152.34375		0.020963662
  152.53906		0.025881164
  152.73438		0.0097550496
  152.92969		0.015295567
  153.125		0.0072527887
  153.32031		0.0061259861
  153.51562		0.034494317
  153.71094		0.0082222149
  153.90625		0.0097525614
  154.10156		0.030117411
  154.29688		0.03826455
  154.49219		0.02924811
  154.6875		0.0053473407
  154.88281		0.030598515
  155.07812		0.022005477
  155.27344		0.06783231
  155.46875		0.01078886
  155.66406		0.013144578
  155.85938		0.043481501
  156.05469		0.0061296733
  156.25		0.010469923
  156.44531		0.026734531
  156.64062		0.020259505
  156.83594		0.00022315085
  157.03125		0.0058913791
  157.22656		0.019683627
  157.42188		0.044450442
  157.61719		0.022176829
  157.8125		0.066954368
  158.00781		0.00040616272
  158.20312		0.072380445
  158.39844		0.0012339805
  158.59375		0.052509031
  158.78906		0.0058641952
  158.98438		0.031159219
  159.17969		0.042293068
  159.375		0.018477417
  159.57031		0.016483028
  159.76562		0.061170891
  159.96094		0.076675741
  160.15625		0.027391899
  160.35156		0.10302467
  160.54688		0.093168611
  160.74219		0.0041376891
  160.9375		0.052945533
  161.13281		0.012352414
  161.32812		0.0017437238
  161.52344		0.0043072523
  161.71875		0.029473751
  161.91406		0.015494828
  162.10938		0.0043728708
  162.30469		0.00068281082
  162.5		0.0080241419
  162.69531		0.014368684
  162.89062		0.04551879
  163.08594		0.0045563246
  163.28125		0.014720455
  163.47656		0.0062138945
  163.67188		0.01334797
  163.86719		0.014361335
  164.0625		0.010847462
  164.25781		0.0012301177
  164.45312		0.00039051291
  164.64844		0.005825453
  164.84375		0.0071452816
  165.03906		0.028157458
  165.23438		0.058791358
  165.42969		0.0132578
  165.625		0.0039095693
  165.82031		0.017516288
  166.01562		0.0091449329
  166.21094		0.011471371
  166.40625		0.017238598
  166.60156		0.023937904
  166.79688		0.0021146235
  166.99219		0.010705822
  167.1875		0.06343862
  167.38281		0.026122726
  167.57812		0.00078939581
  167.77344		0.0071067054
  167.96875		0.0057127071
  168.16406		0.019319847
  168.35938		0.022155239
  168.55469		0.01483685
  168.75		0.012036456
  168.94531		0.023511071
  169.14062		0.043801607
  169.33594		0.014662316
  169.53125		0.064094233
  169.72656		0.031639559
  169.92188		0.0039172003
  170.11719		0.065918525
  170.3125		0.11840412
  170.50781		0.033152915
  170.70312		0.034690255
  170.89844		0.052133386
  171.09375		0.011688056
  171.28906		0.013830526
  171.48438		0.01911973
  171.67969		0.0026598934
  171.875		0.00098557704
  172.07031		0.0029282621
  172.26562		0.0068296476
  172.46094		0.0088884663
  172.65625		0.019831879
  172.85156		0.0008590899
  173.04688		0.013689945
  173.24219		0.0010608141
  173.4375		0.01938241
  173.63281		0.0055787639
  173.82812		0.0044675161
  174.02344		0.0036808955
  174.21875		0.011183614
  174.41406		0.0019035879
  174.60938		0.005781236
  174.80469		0.0076026982
  175		0.024292831
  175.19531		0.050346382
  175.39062		0.014692066
  175.58594		0.00024983149
  175.78125		0.0026095919
  175.97656		0.033020811
  176.17188		0.012676424
  176.36719		0.011458548
  176.5625		0.00020315642
  176.75781		0.020696177
  176.95312		0.018783358
  177.14844		0.017581376
  177.34375		0.016799376
  177.53906		0.0031122688
  177.73438		0.029222881
  177.92969		0.0069064801
  178.125		0.038425138
  178.32031		0.0040530774
  178.51562		0.040946307
  178.71094		0.0035124762
  178.90625		0.028099972
  179.10156		0.0174238
  179.29688		0.055225527
  179.49219		0.042375381
  179.6875		0.0025681369
  179.88281		0.021324251
  180.07812		0.064129969
  180.27344		0.04237678
  180.46875		0.03859694
  180.66406		0.064124356
  180.85938		0.08873488
  181.05469		0.0030916353
  181.25		0.024442357
  181.44531		0.0096389588
  181.64062		0.0095883517
  181.83594		0.017103251
  182.03125		0.019703315
  182.22656		0.018855167
  182.42188		0.0042308782
  182.61719		0.00087425438
  182.8125		0.0037111183
  183.00781		0.0024253933
  183.20312		0.00040016224
  183.39844		0.014971857
  183.59375		0.0071085631
  183.78906		0.001063387
  183.98438		0.0088559624
  184.17969		0.011430709
  184.375		0.0012062296
  184.57031		0.0018305006
  184.76562		0.038417358
  184.96094		0.064631535
  185.15625		0.030007709
  185.35156		0.015579974
  185.54688		0.036811385
  185.74219		0.016379695
  185.9375		0.0028748935
  186.13281		0.01425876
  186.32812		0.0073828296
  186.52344		0.0090199074
  186.71875		0.014325019
  186.91406		0.040038954
  187.10938		0.037335154
  187.30469		0.0041410877
  187.5		0.0081336619
  187.69531		0.0072297437
  187.89062		0.0038705571
  188.08594		0.01597247
  188.28125		0.016742495
  188.47656		0.034578987
  188.67188		0.019160908
  188.86719		0.011979676
  189.0625		0.063828282
  189.25781		0.02077796
  189.45312		0.078155534
  189.64844		0.026557705
  189.84375		0.019293726
  190.03906		0.067342915
  190.23438		0.0098255859
  190.42969		0.10478651
  190.625		0.076044007
  190.82031		0.043503064
  191.01562		0.0015063856
  191.21094		0.043967617
  191.40625		0.001626156
  191.60156		0.010455179
  191.79688		0.0058510291
  191.99219		0.0060718184
  192.1875		0.017667567
  192.38281		0.0056854504
  192.57812		0.013338605
  192.77344		0.0080663496
  192.96875		0.0019911428
  193.16406		0.0037363372
  193.35938		0.030292484
  193.55469		0.052300138
  193.75		0.028991077
  193.94531		0.0059847646
  194.14062		0.041078836
  194.33594		0.031777008
  194.53125		0.046044468
  194.72656		0.0059999555
  194.92188		0.012859452
  195.11719		0.015092492
  195.3125		0.0062675331
  195.50781		0.042371373
  195.70312		0.019255201
  195.89844		0.013754083
  196.09375		0.0039173821
  196.28906		0.0030249366
  196.48438		0.0092265694
  196.67969		0.01334438
  196.875		0.038320476
  197.07031		0.036714082
  197.26562		0.030617872
  197.46094		0.036241486
  197.65625		0.0088018372
  197.85156		0.013334091
  198.04688		0.013856309
  198.24219		0.0012771261
  198.4375		0.061659514
  198.63281		0.0014009566
  198.82812		0.054147044
  199.02344		0.0084525345
  199.21875		0.047682589
  199.41406		0.058005554
  199.60938		0.097761664
  199.80469		0.002856755
  200		0.0011983059
  100.09766		0.0057856357
  100.19531		0.012359017
  100.29297		0.001434664
  100.39063		0.0013813008
  100.48828		0.0028193093
  100.58594		0.0010787107
  100.68359		0.0090576966
  100.78125		0.0045350853
  100.87891		0.011164747
  100.97656		0.0061999239
  101.07422		0.0048904076
  101.17188		0.0034105557
  101.26953		0.0011633778
  101.36719		0.00061660274
  101.46484		0.0012134553
  101.5625		0.0018128808
  101.66016		0.0086787134
  101.75781		0.006729236
  101.85547		0.013411082
  101.95313		0.015127943
  102.05078		0.014535266
  102.14844		0.024272088
  102.24609		0.012811051
  102.34375		0.025715349
  102.44141		0.013231971
  102.53906		0.011324437
  102.63672		0.011051484
  102.73438		0.0035561465
  102.83203		0.0076634153
  102.92969		0.0029992416
  103.02734		0.010736091
  103.125		0.013506891
  103.22266		0.0090842851
  103.32031		0.021198492
  103.41797		0.015093071
  103.51563		0.016759778
  103.61328		0.0073697144
  103.71094		0.0048808655
  103.80859		0.0043850914
  103.90625		0.010017179
  104.00391		0.0078856147
  104.10156		0.037391953
  104.19922		0.021639551
  104.29688		0.055642725
  104.39453		0.045969821
  104.49219		0.041664411
  104.58984		0.038365501
  104.6875		0.058188477
  104.78516		0.011949015
  104.88281		0.022802619
  104.98047		0.0051126382
  105.07813		0.0040901481
  105.17578		0.0051521926
  105.27344		0.0019760376
  105.37109		0.021547447
  105.46875		0.0051713641
  105.56641		0.046274531
  105.66406		0.010275778
  105.76172		0.073911427
  105.85938		0.05862675
  105.95703		0.028320577
  106.05469		0.021221401
  106.15234		0.0097228582
  106.25		0.0084093688
  106.34766		0.0039759987
  106.44531		0.061482235
  106.54297		0.037628489
  106.64063		0.0064506162
  106.73828		0.07097194
  106.83594		0.10171874
  106.93359		0.0064803632
  107.03125		0.0014681838
  107.12891		0.0091563032
  107.22656		0.0053190223
  107.32422		0.017975646
  107.42188		0.067152575
  107.51953		0.052921967
  107.61719		0.01792247
  107.71484		0.0011318793
  107.8125		0.095849186
  107.91016		0.04851625
  108.00781		0.147205
  108.10547		0.11249848
  108.20313		0.13749313
  108.30078		0.0053004983
  108.39844		0.10527846
  108.49609		0.092761746
  108.59375		0.10930437
  108.69141		0.10184959
  108.78906		0.19981442
  108.88672		0.17476182
  108.98438		0.26343651
  109.08203		0.16125782
  109.17969		0.13094645
  109.27734		0.20843168
  109.375		0.26254724
  109.47266		0.55081895
  109.57031		0.40270824
  109.66797		0.55658454
  109.76563		0.81822922
  109.86328		0.63651319
  109.96094		0.57728867
  110.05859		1.0696974
  110.15625		1.2284069
  110.25391		1.1770853
  110.35156		0.9958029
  110.44922		0.25771474
  110.54688		0.45225273
  110.64453		0.04301067
  110.74219		0.11474164
  110.83984		0.0096023086
  110.9375		0.0085150919
  111.03516		0.025253035
  111.13281		0.0029521146
  111.23047		0.069199516
  111.32813		0.012230159
  111.42578		0.0022352198
  111.52344		0.023367915
  111.62109		0.011756806
  111.71875		0.008777834
  111.81641		0.011515688
  111.91406		0.040981803
  112.01172		0.0052575731
  112.10938		0.084630707
  112.20703		0.025200735
  112.30469		0.037297989
  112.40234		0.034778577
  112.5		0.061308704
  112.59766		0.052729951
  112.69531		0.051275524
  112.79297		0.02651215
  112.89063		0.030703425
  112.98828		0.028473685
  113.08594		0.024319498
  113.18359		0.02681805
  113.28125		0.044299403
  113.37891		0.036082357
  113.47656		0.021267474
  113.57422		0.041469538
  113.67188		0.02037568
  113.76953		0.01085066
  113.86719		0.015147369
  113.96484		0.00089333497
  114.0625		0.0081290568
  114.16016		0.00042453335
  114.25781		0.00081083693
  114.35547		0.0042253557
  114.45313		0.00016927985
  114.55078		0.0034841394
  114.64844		0.000048844948
  114.74609		0.0034662432
  114.84375		0.00052079159
  114.94141		0.0086869446
  115.03906		0.00051311252
  115.13672		0.0096831892
  115.23438		0.0012634343
  115.33203		0.0071528915
  115.42969		0.00052430229
  115.52734		0.0045631911
  115.625		0.0005805471
  115.72266		0.0020276496
  115.82031		0.0027400403
  115.91797		0.00069174586
  116.01563		0.0067332955
  116.11328		0.0011637381
  116.21094		0.0053969748
  116.30859		0.00012852052
  116.40625		0.00013173092
  116.50391		0.00036922168
  116.60156		0.0025880961
  116.69922		0.002492296
  116.79688		0.0090692292
  116.89453		0.004847416
  116.99219		0.013208674
  117.08984		0.0078185861
  117.1875		0.011155364
  117.28516		0.0065821319
  117.38281		0.0088955578
  117.48047		0.0022496286
  117.57813		0.0083070776
  117.67578		0.00040729781
  117.77344		0.0034546396
  117.87109		0.00072563507
  117.96875		0.0028738833
  118.06641		0.001461805
  118.16406		0.0061664886
  118.26172		0.0034221068
  118.35938		0.007001383
  118.45703		0.0025189396
  118.55469		0.0070141725
  118.65234		0.001576682
  118.75		0.0016187661
  118.84766		0.00074647318
  118.94531		0.0015871596
  119.04297		0.00040601014
  119.14063		0.0040953125
  119.23828		0.00052247558
  119.33594		0.0030757387
  119.43359		0.00067623071
  119.53125		0.0030462662
  119.62891		0.0011316469
  119.72656		0.00015101872
  119.82422		0.00014879716
  119.92188		0.0010213982
  120.01953		0.00041323777
  120.11719		0.0039838951
  120.21484		0.0034791044
  120.3125		0.0081090007
  120.41016		0.011365561
  120.50781		0.01182386
  120.60547		0.019563029
  120.70313		0.017290305
  120.80078		0.015983105
  120.89844		0.012410598
  120.99609		0.014645047
  121.09375		0.0022621941
  121.19141		0.006362852
  121.28906		0.001698708
  121.38672		0.0056100668
  121.48438		0.0058144704
  121.58203		0.012777226
  121.67969		0.026269085
  121.77734		0.027108467
  121.875		0.032893437
  121.97266		0.035317267
  122.07031		0.037028161
  122.16797		0.039409059
  122.26563		0.021019718
  122.36328		0.036141592
  122.46094		0.0086687999
  122.55859		0.027642727
  122.65625		0.0076098514
  122.75391		0.0088253624
  122.85156		0.0081146075
  122.94922		0.016260718
  123.04688		0.00043878948
  123.14453		0.0084023918
  123.24219		0.00081490445
  123.33984		0.0036342322
  123.4375		0.0056774521
  123.53516		0.0055957898
  123.63281		0.0051522259
  123.73047		0.0035496248
  123.82813		0.02480617
  123.92578		0.035762637
  124.02344		0.010659664
  124.12109		0.087711403
  124.21875		0.035484564
  124.31641		0.05419295
  124.41406		0.028673506
  124.51172		0.011969027
  124.60938		0.017058625
  124.70703		0.028621266
  124.80469		0.027758588
  124.90234		0.011287747
  125		0.041673165
  125.09766		0.074732649
  125.19531		0.052538332
  125.29297		0.0013127338
  125.39063		0.0083641186
  125.48828		0.029888522
  125.58594		0.046755112
  125.68359		0.017188508
  125.78125		0.0073317247
  125.87891		0.021724122
  125.97656		0.023104981
  126.07422		0.093659977
  126.17188		0.065810224
  126.26953		0.062259655
  126.36719		0.077232821
  126.46484		0.025309028
  126.5625		0.0041495632
  126.66016		0.051046844
  126.75781		0.10741532
  126.85547		0.034964796
  126.95313		0.080289812
  127.05078		0.10000931
  127.14844		0.15600082
  127.24609		0.12302333
  127.34375		0.13362651
  127.44141		0.048970373
  127.53906		0.094778653
  127.63672		0.20351382
  127.73438		0.29003031
  127.83203		0.3739403
  127.92969		0.17602426
  128.02734		0.21521893
  128.125		0.58855982
  128.22266		0.62454813
  128.32031		0.33120297
  128.41797		0.30049596
  128.51563		0.86641611
  128.61328		0.82183687
  128.71094		0.46198817
  128.80859		0.34554214
  128.90625		0.23565747
  129.00391		0.075583194
  129.10156		0.077347727
  129.19922		0.023162222
  129.29688		0.010029064
  129.39453		0.0066803943
  129.49219		0.00029047443
  129.58984		0.043392106
  129.6875		0.02568428
  129.78516		0.018438527
  129.88281		0.0076757762
  129.98047		0.036505065
  130.07813		0.036260071
  130.17578		0.025696652
  130.27344		0.012443771
  130.37109		0.056269647
  130.46875		0.015943886
  130.56641		0.021539146
  130.66406		0.023790402
  130.76172		0.016598514
  130.85938		0.011809858
  130.95703		0.0044080103
  131.05469		0.0016831764
  131.15234		0.0084420727
  131.25		0.004509742
  131.34766		0.010780662
  131.44531		0.011324391
  131.54297		0.021355198
  131.64063		0.011145309
  131.73828		0.0091577511
  131.83594		0.024561651
  131.93359		0.0077437601
  132.03125		0.0060771921
  132.12891		0.0063404499
  132.22656		0.0022305643
  132.32422		0.0026881721
  132.42188		0.0043333104
  132.51953		0.000065560105
  132.61719		0.0010665091
  132.71484		0.0014255835
  132.8125		0.00095497237
  132.91016		0.0019840839
  133.00781		0.0039594063
  133.10547		0.0014281182
  133.20313		0.0075273204
  133.30078		0.00014692969
  133.39844		0.0080370772
  133.49609		0.00047679697
  133.59375		0.0041875175
  133.69141		0.0002585779
  133.78906		0.0029724495
  133.88672		0.00073205163
  133.98438		0.0039218622
  134.08203		0.0028393615
  134.17969		0.0030595604
  134.27734		0.011051424
  134.375		0.0046570061
  134.47266		0.0098497167
  134.57031		0.0043416734
  134.66797		0.0036977919
  134.76563		0.0025750295
  134.86328		0.0027990209
  134.96094		0.00026697717
  135.05859		0.0012050705
  135.15625		0.00082835436
  135.25391		0.001508766
  135.35156		0.004358925
  135.44922		0.0019025214
  135.54688		0.0062677868
  135.64453		0.006332547
  135.74219		0.0063104902
  135.83984		0.012725731
  135.9375		0.0090623282
  136.03516		0.011799836
  136.13281		0.012017046
  136.23047		0.013722665
  136.32813		0.014769411
  136.42578		0.016467999
  136.52344		0.010760107
  136.62109		0.010406687
  136.71875		0.0056463471
  136.81641		0.0052418071
  136.91406		0.00084327795
  137.01172		0.0020283771
  137.10938		0.0017324772
  137.20703		0.0036935209
  137.30469		0.0047407774
  137.40234		0.0082361001
  137.5		0.0085349587
  137.59766		0.008480955
  137.69531		0.010789613
  137.79297		0.011195695
  137.89063		0.011943286
  137.98828		0.0048200268
  138.08594		0.0078402682
  138.18359		0.0031431852
  138.28125		0.0058442513
  138.37891		0.0030184705
  138.47656		0.0031296447
  138.57422		0.0032056336
  138.67188		0.0035663683
  138.76953		0.0028536621
  138.86719		0.0050569027
  138.96484		0.0028930305
  139.0625		0.0013398069
  139.16016		0.001170321
  139.25781		0.00086383649
  139.35547		0.0016939155
  139.45313		0.00049448078
  139.55078		0.0053055876
  139.64844		0.0083033072
  139.74609		0.0088929541
  139.84375		0.024565092
  139.94141		0.022071117
  140.03906		0.018848803
  140.13672		0.019734276
  140.23438		0.019584074
  140.33203		0.014445304
  140.42969		0.012792349
  140.52734		0.0037628337
  140.625		0.011170014
  140.72266		0.0028315369
  140.82031		0.0085650394
  140.91797		0.0073503208
  141.01563		0.003227259
  141.11328		0.0072116165
  141.21094		0.0072842716
  141.30859		0.00047860583
  141.40625		0.013165395
  141.50391		0.00024715708
  141.60156		0.013020184
  141.69922		0.0040956816
  141.79688		0.017449153
  141.89453		0.0035009992
  141.99219		0.0088546139
  142.08984		0.011531099
  142.1875		0.056692732
  142.28516		0.0030567815
  142.38281		0.048905843
  142.48047		0.039558105
  142.57813		0.078745717
  142.67578		0.041233736
  142.77344		0.055616029
  142.87109		0.01929876
  142.96875		0.05959919
  143.06641		0.048841401
  143.16406		0.00024363597
  143.26172		0.11314191
  143.35938		0.10640556
  143.45703		0.013558179
  143.55469		0.028081183
  143.65234		0.035396229
  143.75		0.0076651711
  143.84766		0.014397959
  143.94531		0.03112481
  144.04297		0.015015962
  144.14063		0.019779064
  144.23828		0.049502327
  144.33594		0.053792345
  144.43359		0.10706351
  144.53125		0.032753887
  144.62891		0.074870824
  144.72656		0.014198536
  144.82422		0.014224896
  144.92188		0.042899388
  145.01953		0.10511218
  145.11719		0.028794944
  145.21484		0.034745951
  145.3125		0.06755613
  145.41016		0.067417533
  145.50781		0.06842974
  145.60547		0.057553388
  145.70313		0.081701189
  145.80078		0.082505267
  145.89844		0.17289423
  145.99609		0.16461052
  146.09375		0.10692431
  146.19141		0.091893548
  146.28906		0.1312539
  146.38672		0.36049938
  146.48438		0.51489652
  146.58203		0.22451361
  146.67969		0.099202962
  146.77734		0.25003258
  146.875		0.5567562
  146.97266		0.46746268
  147.07031		0.358019
  147.16797		0.30564295
  147.26563		0.18609371
  147.36328		0.076976811
  147.46094		0.083810561
  147.55859		0.024042868
  147.65625		0.017148066
  147.75391		0.018279947
  147.85156		0.0090529042
  147.94922		0.03480013
  148.04688		0.000041769687
  148.14453		0.019307279
  148.24219		0.015367348
  148.33984		0.068137267
  148.4375		0.0085902185
  148.53516		0.0293749
  148.63281		0.025364196
  148.73047		0.01605869
  148.82813		0.014321756
  148.92578		0.026636477
  149.02344		0.0001681539
  149.12109		0.0028111362
  149.21875		0.0018243463
  149.31641		0.0031546014
  149.41406		0.009294883
  149.51172		0.006463758
  149.60938		0.019418062
  149.70703		0.017464569
  149.80469		0.0306253
  149.90234		0.016860726
  150		0.027916664
  150.09766		0.03608816
  150.19531		0.014297666
  150.29297		0.023102148
  150.39063		0.018355125
  150.48828		0.014679469
  150.58594		0.015568366
  150.68359		0.011439944
  150.78125		0.011661447
  150.87891		0.017899177
  150.97656		0.0055550972
  151.07422		0.0045704629
  151.17188		0.0044539218
  151.26953		0.00061688176
  151.36719		0.004823903
  151.46484		0.0021029293
  151.5625		0.0075714361
  151.66016		0.0019285458
  151.75781		0.0088381914
  151.85547		0.00083944122
  151.95313		0.0040392611
  152.05078		0.00034444555
  152.14844		0.00054257895
  152.24609		0.00060225932
  152.34375		0.00021187926
  152.44141		0.0023271551
  152.53906		0.0052608862
  152.63672		0.0027314174
  152.73438		0.0027190973
  152.83203		0.0029943083
  152.92969		0.0003764692
  153.02734		0.002789045
  153.125		0.003300552
  153.22266		0.0047251667
  153.32031		0.0057471155
  153.41797		0.011034661
  153.51563		0.010606027
  153.61328		0.017173611
  153.71094		0.0096833486
  153.80859		0.018093925
  153.90625		0.0082545178
  154.00391		0.011074034
  154.10156		0.0067680846
  154.19922		0.0029804435
  154.29688		0.0050601814
  154.39453		0.0010650567
  154.49219		0.00068707012
  154.58984		0.0014816994
  154.6875		0.0009846818
  154.78516		0.0034361904
  154.88281		0.002537885
  154.98047		0.0046672112
  155.07813		0.003279275
  155.17578		0.003241635
  155.27344		0.0004089085
  155.37109		0.0018213613
  155.46875		0.0003370159
  155.56641		0.0010176296
  155.66406		0.0023151139
  155.76172		0.0044636529
  155.85938		0.0044472727
  155.95703		0.013233488
  156.05469		0.0080868113
  156.15234		0.014376102
  156.25		0.0060267989
  156.34766		0.015462849
  156.44531		0.005725854
  156.54297		0.0094756313
  156.64063		0.0021232634
  156.73828		0.0012280765
  156.83594		0.000019713968
  156.93359		0.0013629175
  157.03125		0.0036778005
  157.12891		0.0086308036
  157.22656		0.013219801
  157.32422		0.011428697
  157.42188		0.015154938
  157.51953		0.01444488
  157.61719		0.0052372284
  157.71484		0.0058219472
  157.8125		0.0026930951
  157.91016		0.00010971248
  158.00781		0.00029933096
  158.10547		0.0088426229
  158.20313		0.015931419
  158.30078		0.012073161
  158.39844		0.022856082
  158.49609		0.025121695
  158.59375		0.022962731
  158.69141		0.019262265
  158.78906		0.010984287
  158.88672		0.01519754
  158.98438		0.0041443898
  159.08203		0.0081262181
  159.17969		0.0032163252
  159.27734		0.0045920229
  159.375		0.0065665159
  159.47266		0.00037450414
  159.57031		0.0034859906
  159.66797		0.022260879
  159.76563		0.0041020039
  159.86328		0.025131366
  159.96094		0.011977351
  160.05859		0.012321545
  160.15625		0.0012637702
  160.25391		0.0064791292
  160.35156		0.00063089207
  160.44922		0.0086057022
  160.54688		0.035904184
  160.64453		0.0039177474
  160.74219		0.05517344
  160.83984		0.034978397
  160.9375		0.1096991
  161.03516		0.049368288
  161.13281		0.073839212
  161.23047		0.085644955
  161.32813		0.0370355
  161.42578		0.0004996553
  161.52344		0.046937027
  161.62109		0.1474747
  161.71875		0.043689442
  161.81641		0.028909856
  161.91406		0.062396579
  162.01172		0.029965057
  162.10938		0.0074128673
  162.20703		0.024857868
  162.30469		0.055641257
  162.40234		0.044570257
  162.5		0.054293492
  162.59766		0.053375344
  162.69531		0.048960126
  162.79297		0.035934207
  162.89063		0.015747116
  162.98828		0.015298039
  163.08594		0.023143505
  163.18359		0.062973885
  163.28125		0.055202792
  163.37891		0.036850639
  163.47656		0.0022521935
  163.57422		0.072826033
  163.67188		0.064273898
  163.76953		0.061095028
  163.86719		0.050060981
  163.96484		0.035579837
  164.0625		0.061323804
  164.16016		0.07471647
  164.25781		0.11750686
  164.35547		0.050301818
  164.45313		0.027410174
  164.55078		0.15006908
  164.64844		0.28690483
  164.74609		0.33592127
  164.84375		0.14655267
  164.94141		0.16006993
  165.03906		0.15774246
  165.13672		0.12960819
  165.23438		0.30129296
  165.33203		0.31988813
  165.42969		0.24440783
  165.52734		0.28967641
  165.625		0.12796555
  165.72266		0.082857088
  165.82031		0.090930415
  165.91797		0.011642976
  166.01563		0.046398711
  166.11328		0.023286829
  166.21094		0.020392502
  166.30859		0.00016073224
  166.40625		0.040062908
  166.50391		0.012122406
  166.60156		0.057907059
  166.69922		0.0058670639
  166.79688		0.037206403
  166.89453		0.013030426
  166.99219		0.011718504
  167.08984		0.016319832
  167.1875		0.020612509
  167.28516		0.013708427
  167.38281		0.021057308
  167.48047		0.026951815
  167.57813		0.021652666
  167.67578		0.017745074
  167.77344		0.0085085254
  167.87109		0.010699304
  167.96875		0.0010215854
  168.06641		0.0013970651
  168.16406		0.000101449
  168.26172		0.0013168539
  168.35938		0.0039557683
  168.45703		0.0026292064
  168.55469		0.0015543026
  168.65234		0.0085942979
  168.75		0.0016637369
  168.84766		0.0070178008
  168.94531		0.0056624853
  169.04297		0.003754838
  169.14063		0.015574016
  169.23828		0.0043725826
  169.33594		0.0047846406
  169.43359		0.0013705858
  169.53125		0.00086698217
  169.62891		0.0010622993
  169.72656		0.000037678186
  169.82422		0.0052345965
  169.92188		0.00074708357
  170.01953		0.0092948337
  170.11719		0.0022233377
  170.21484		0.0050968651
  170.3125		0.0021363917
  170.41016		0.00071410635
  170.50781		0.00012881242
  170.60547		0.0015520692
  170.70313		0.0027357665
  170.80078		0.012948066
  170.89844		0.011161818
  170.99609		0.013103556
  171.09375		0.018432679
  171.19141		0.011637729
  171.28906		0.020057056
  171.38672		0.0085756207
  171.48438		0.0087379832
  171.58203		0.0042062757
  171.67969		0.0032538405
  171.77734		0.00028456274
  171.875		0.00068714238
  171.97266		0.00024671671
  172.07031		0.0029944268
  172.16797		0.0023801517
  172.26563		0.0043636916
  172.36328		0.0041408687
  172.46094		0.0046915677
  172.55859		0.0041538462
  172.65625		0.0081699978
  172.75391		0.0013734644
  172.85156		0.0060609921
  172.94922		0.00094821451
  173.04688		0.0025392356
  173.14453		0.001595308
  173.24219		0.004064956
  173.33984		0.0025486855
  173.4375		0.0045369873
  173.53516		0.001048482
  173.63281		0.0064325767
  173.73047		0.00028326548
  173.82813		0.0020428345
  173.92578		0.00001343652
  174.02344		0.000072896377
  174.12109		0.00034303214
  174.21875		0.0050188955
  174.31641		0.0044212716
  174.41406		0.0098580839
  174.51172		0.0070462892
  174.60938		0.020979707
  174.70703		0.01593932
  174.80469		0.022332877
  174.90234		0.018540914
  175		0.013696031
  175.09766		0.011409188
  175.19531		0.0048853772
  175.29297		0.0023804172
  175.39063		0.00013470725
  175.48828		0.0014952304
  175.58594		0.0026318622
  175.68359		0.0045687207
  175.78125		0.012076786
  175.87891		0.006846598
  175.97656		0.0095290892
  176.07422		0.012131684
  176.17188		0.0077790457
  176.26953		0.0037101151
  176.36719		0.0078136507
  176.46484		0.0033599182
  176.5625		0.0020940689
  176.66016		0.0091089737
  176.75781		0.0093647373
  176.85547		0.008574063
  176.95313		0.0078276187
  177.05078		0.0073479308
  177.14844		0.0087403513
  177.24609		0.0041325568
  177.34375		0.00707376
  177.44141		0.0034906593
  177.53906		0.006666227
  177.63672		0.0040823114
  177.73438		0.003943976
  177.83203		0.0088502418
  177.92969		0.0068358861
  178.02734		0.005562961
  178.125		0.0048949036
  178.22266		0.024889545
  178.32031		0.002625844
  178.41797		0.012627727
  178.51563		0.0052844394
  178.61328		0.013262067
  178.71094		0.00073994324
  178.80859		0.0059303748
  178.90625		0.031657713
  179.00391		0.0069596
  179.10156		0.054216846
  179.19922		0.047758351
  179.29688		0.1580771
  179.39453		0.034147597
  179.49219		0.20547037
  179.58984		0.093791098
  179.6875		0.024074863
  179.78516		0.04697229
  179.88281		0.071807242
  179.98047		0.077050714
  180.07813		0.091195708
  180.17578		0.057956633
  180.27344		0.025471601
  180.37109		0.040845751
  180.46875		0.0506579
  180.56641		0.055334666
  180.66406		0.06923046
  180.76172		0.055117721
  180.85938		0.066774251
  180.95703		0.040885507
  181.05469		0.029064419
  181.15234		0.0031357971
  181.25		0.035963908
  181.34766		0.023941666
  181.44531		0.14787238
  181.54297		0.066132508
  181.64063		0.017746896
  181.73828		0.00051609032
  181.83594		0.013701571
  181.93359		0.080346649
  182.03125		0.05819589
  182.12891		0.094778571
  182.22656		0.058631256
  182.32422		0.031346088
  182.42188		0.010379459
  182.51953		0.0085963008
  182.61719		0.054496564
  182.71484		0.095213568
  182.8125		0.10265951
  182.91016		0.16075406
  183.00781		0.13108919
  183.10547		0.094389214
  183.20313		0.12151988
  183.30078		0.15581853
  183.39844		0.083195155
  183.49609		0.094718712
  183.59375		0.17485381
  183.69141		0.17123099
  183.78906		0.21763374
  183.88672		0.22170451
  183.98438		0.095367391
  184.08203		0.1144485
  184.17969		0.094678703
  184.27734		0.017213792
  184.375		0.047750411
  184.47266		0.0025388666
  184.57031		0.0046757535
  184.66797		0.032155902
  184.76563		0.010718833
  184.86328		0.0059231723
  184.96094		0.0046375758
  185.05859		0.0079093352
  185.15625		0.0060390279
  185.25391		0.00098916673
  185.35156		0.00074217461
  185.44922		0.0028666778
  185.54688		0.0095056431
  185.64453		0.024381107
  185.74219		0.004965041
  185.83984		0.01986974
  185.9375		0.0074213717
  186.03516		0.011635847
  186.13281		0.0099850584
  186.23047		0.0052850407
  186.32813		0.0054115687
  186.42578		0.0027241132
  186.52344		0.0047861908
  186.62109		0.0012919761
  186.71875		0.00078578973
  186.81641		0.0052499112
  186.91406		0.0047945629
  187.01172		0.0016439217
  187.10938		0.0078172774
  187.20703		0.004428574
  187.30469		0.0073423591
  187.40234		0.0140346
  187.5		0.0069225404
  187.59766		0.0054410288
  187.69531		0.0040336517
  187.79297		0.0020084695
  187.89063		0.00041412858
  187.98828		0.0012078225
  188.08594		0.0032002856
  188.18359		0.0035933953
  188.28125		0.0086279748
  188.37891		0.011868522
  188.47656		0.0086878879
  188.57422		0.016947539
  188.67188		0.0071817229
  188.76953		0.012443161
  188.86719		0.0042351115
  188.96484		0.0042172801
  189.0625		0.0012765483
  189.16016		0.000038853854
  189.25781		0.00089992764
  189.35547		0.0022675303
  189.45313		0.0043609027
  189.55078		0.0062524644
  189.64844		0.0096693618
  189.74609		0.0056000579
  189.84375		0.0099811153
  189.94141		0.0079695003
  190.03906		0.0057289425
  190.13672		0.0069769423
  190.23438		0.0031673888
  190.33203		0.0076854944
  190.42969		0.0017257799
  190.52734		0.0064111438
  190.625		0.0026860797
  190.72266		0.0040361524
  190.82031		0.0028326096
  190.91797		0.0041832092
  191.01563		0.00025661899
  191.11328		0.0025318947
  191.21094		0.0012527141
  191.30859		0.00027809068
  191.40625		0.0023447759
  191.50391		0.0011878289
  191.60156		0.0044683512
  191.69922		0.0034495889
  191.79688		0.0046258454
  191.89453		0.0095122374
  191.99219		0.0071662387
  192.08984		0.0086221168
  192.1875		0.0082495962
  192.28516		0.0080872965
  192.38281		0.0062839224
  192.48047		0.0075493451
  192.57813		0.0013300481
  192.67578		0.0072388713
  192.77344		0.0018772766
  192.87109		0.0073995757
  192.96875		0.0036730026
  193.06641		0.0039514827
  193.16406		0.0056607381
  193.26172		0.0016618898
  193.35938		0.0032216871
  193.45703		0.002080301
  193.55469		0.00037119743
  193.65234		0.0017106962
  193.75		0.0012689099
  193.84766		0.0022789655
  193.94531		0.0036627034
  194.04297		0.0085242177
  194.14063		0.0031926984
  194.23828		0.0095976423
  194.33594		0.0087175027
  194.43359		0.0049855393
  194.53125		0.0016136203
  194.62891		0.0033118116
  194.72656		0.00089103284
  194.82422		0.00030087807
  194.92188		0.0032016436
  195.01953		0.0047322219
  195.11719		0.0026259616
  195.21484		0.0045421953
  195.3125		0.0050671101
  195.41016		0.0078685168
  195.50781		0.0066323959
  195.60547		0.0079934032
  195.70313		0.015430987
  195.80078		0.0082851917
  195.89844		0.026395345
  195.99609		0.007753643
  196.09375		0.048924189
  196.19141		0.018370709
  196.28906		0.0096921291
  196.38672		0.0087909548
  196.48438		0.012493659
  196.58203		0.0032865438
  196.67969		0.0075498852
  196.77734		0.0025921754
  196.875		0.00014185747
  196.97266		0.021448029
  197.07031		0.013365615
  197.16797		0.020772508
  197.26563		0.0044236327
  197.36328		0.047049035
  197.46094		0.015470925
  197.55859		0.15723778
  197.65625		0.061424812
  197.75391		0.15653433
  197.85156		0.20021409
  197.94922		0.10500744
  198.04688		0.081656356
  198.14453		0.072950919
  198.24219		0.075379693
  198.33984		0.098936018
  198.4375		0.12637908
  198.53516		0.061129928
  198.63281		0.037688727
  198.73047		0.084618576
  198.82813		0.093087547
  198.92578		0.11394763
  199.02344		0.10239914
  199.12109		0.031529495
  199.21875		0.014922147
  199.31641		0.0013319735
  199.41406		0.0031297005
  199.51172		0.038233547
  199.60938		0.02550384
  199.70703		0.079302471
  199.80469		0.083353312
  199.90234		0.0067746753
  200		0.0029105118
