# S1-S2 restitution for CRN98 con cell. Adaptive step
# step: step in S2 interval
# delta: Difference in S2 APD from previous S2.
# d/dt: rate of change of S2 APD
#     S2 S1 APD90       DI S2 APD90    Vpeak     step    delta     d/dt  INa act
    1050   299.56   750.44   300.48  24.7877       50    0.835   0.0167 0.345858
    1000   299.56   700.44   299.56  24.7917       50     0.92   0.0184 0.345689
     950   299.56   650.44  298.565  24.7845       50    0.995   0.0199 0.345306
     925   299.56   625.44  298.035  24.7876       25     0.53   0.0212 0.345179
     900   299.56   600.44   297.49  24.7785       25    0.545   0.0218 0.344924
     875   299.56   575.44  296.915  24.7829       25    0.575    0.023 0.344716
     850   299.56   550.44  296.335  24.7745       25     0.58   0.0232 0.344431
     825   299.56   525.44   295.72  24.7802       25    0.615   0.0246 0.344223
     800   299.56   500.44  295.095  24.7733       25    0.625    0.025 0.343868
     775   299.56   475.44   294.44  24.7803       25    0.655   0.0262 0.343581
     750   299.56   450.44  293.765  24.7754       25    0.675    0.027 0.343206
     725   299.56   425.44   293.05  24.7712       25    0.715   0.0286 0.342702
     700   299.56   400.44  292.265  24.7812       25    0.785   0.0314  0.34229
     675   299.56   375.44  291.395  24.7794       25     0.87   0.0348 0.341738
   662.5   299.56   362.94  290.915  24.7723     12.5     0.48   0.0384 0.341387
     650   299.56   350.44  290.365  24.7785     12.5     0.55    0.044 0.341099
   637.5   299.56   337.94   289.76   24.772     12.5    0.605   0.0484 0.340699
     625   299.56   325.44  289.055  24.7782     12.5    0.705   0.0564 0.340339
   612.5   299.56   312.94  288.245   24.772     12.5     0.81   0.0648 0.339914
     600   299.56   300.44   287.28  24.7651     12.5    0.965   0.0772 0.339329
  593.75   299.56   294.19  286.725  24.7682     6.25    0.555   0.0888 0.339191
   587.5   299.56   287.94   286.11  24.7709     6.25    0.615   0.0984 0.338958
  581.25   299.56   281.69   285.45  24.7605     6.25     0.66   0.1056 0.338541
     575   299.56   275.44  284.705  24.7629     6.25    0.745   0.1192  0.33837
  568.75   299.56   269.19   283.89  24.7647     6.25    0.815   0.1304 0.338086
   562.5   299.56   262.94      283  24.7532     6.25     0.89   0.1424 0.337656
  556.25   299.56   256.69   282.01   24.754     6.25     0.99   0.1584 0.337412
 553.125   299.56  253.565  281.475  24.7541    3.125    0.535   0.1712 0.337239
     550   299.56   250.44   280.93  24.7408    3.125    0.545   0.1744 0.336868
 546.875   299.56  247.315  280.345  24.7406    3.125    0.585   0.1872 0.336737
  543.75   299.56   244.19  279.735  24.7401    3.125     0.61   0.1952 0.336609
 540.625   299.56  241.065  279.095  24.7391    3.125     0.64   0.2048 0.336443
   537.5   299.56   237.94  278.425  24.7377    3.125     0.67   0.2144 0.336236
 534.375   299.56  234.815  277.735   24.723    3.125     0.69   0.2208 0.335827
  531.25   299.56   231.69  277.005  24.7211    3.125     0.73   0.2336 0.335673
 528.125   299.56  228.565  276.245  24.7186    3.125     0.76   0.2432 0.335501
     525   299.56   225.44  275.455  24.7155    3.125     0.79   0.2528 0.335282
 521.875   299.56  222.315   274.64  24.6986    3.125    0.815   0.2608 0.334852
  518.75   299.56   219.19  273.785  24.6945    3.125    0.855   0.2736 0.334585
 515.625   299.56  216.065  272.895  24.6897    3.125     0.89   0.2848  0.33439
   512.5   299.56   212.94  271.975  24.6839    3.125     0.92   0.2944 0.334143
 509.375   299.56  209.815  271.035  24.6639    3.125     0.94   0.3008 0.333676
  506.25   299.56   206.69  270.045  24.6566    3.125     0.99   0.3168 0.333326
 504.688   299.56  205.125   269.54  24.6526   1.5625    0.505   0.3232 0.333194
 503.125   299.56  203.565   269.03  24.6482   1.5625     0.51   0.3264 0.333067
 501.562   299.56      202  268.505  24.6434   1.5625    0.525    0.336 0.332925
     500   299.56   200.44   267.98  24.6383   1.5625    0.525    0.336 0.332767
 498.438   299.56  198.875   267.44  24.6328   1.5625     0.54   0.3456 0.332593
 496.875   299.56  197.315   266.91   24.614   1.5625     0.53   0.3392 0.332239
 495.312   299.56   195.75  266.355  24.6081   1.5625    0.555   0.3552 0.332038
  493.75   299.56   194.19  265.795  24.6018   1.5625     0.56   0.3584  0.33182
 492.188   299.56  192.625   265.23  24.5951   1.5625    0.565   0.3616 0.331623
 490.625   299.56  191.065  264.655   24.588   1.5625    0.575    0.368 0.331459
 489.062   299.56    189.5   264.07  24.5803   1.5625    0.585   0.3744 0.331276
   487.5   299.56   187.94  263.485  24.5722   1.5625    0.585   0.3744 0.331075
 485.938   299.56  186.375  262.885  24.5634   1.5625      0.6    0.384 0.330855
 484.375   299.56  184.815  262.295  24.5414   1.5625     0.59   0.3776 0.330456
 482.812   299.56   183.25   261.68   24.532   1.5625    0.615   0.3936 0.330203
  481.25   299.56   181.69  261.065  24.5221   1.5625    0.615   0.3936 0.329932
 479.688   299.56  180.125   260.44  24.5114   1.5625    0.625      0.4 0.329679
 478.125   299.56  178.565   259.81  24.5002   1.5625     0.63   0.4032 0.329457
 476.562   299.56      177   259.17  24.4882   1.5625     0.64   0.4096 0.329213
     475   299.56   175.44   258.53  24.4756   1.5625     0.64   0.4096 0.328949
 473.438   299.56  173.875   257.89  24.4493   1.5625     0.64   0.4096   0.3285
 471.875   299.56  172.315  257.235  24.4355   1.5625    0.655   0.4192 0.328198
 470.312   299.56   170.75   256.57   24.421   1.5625    0.665   0.4256 0.327871
  468.75   299.56   169.19  255.905  24.4057   1.5625    0.665   0.4256 0.327523
 467.188   299.56  167.625   255.23  24.3894   1.5625    0.675    0.432 0.327209
 465.625   299.56  166.065  254.555  24.3722   1.5625    0.675    0.432 0.326904
 464.062   299.56    164.5   253.87   24.354   1.5625    0.685   0.4384 0.326574
   462.5   299.56   162.94   253.19  24.3221   1.5625     0.68   0.4352 0.326058
 460.938   299.56  161.375  252.495  24.3022   1.5625    0.695   0.4448 0.325682
 459.375   299.56  159.815    251.8  24.2813   1.5625    0.695   0.4448 0.325281
 457.812   299.56   158.25  251.095  24.2592   1.5625    0.705   0.4512 0.324853
  456.25   299.56   156.69   250.39  24.2361   1.5625    0.705   0.4512 0.324398
 454.688   299.56  155.125  249.675  24.2116   1.5625    0.715   0.4576 0.324003
 453.125   299.56  153.565   248.96  24.1858   1.5625    0.715   0.4576 0.323582
 451.562   299.56      152   248.25   24.146   1.5625     0.71   0.4544 0.322973
     450   299.56   150.44  247.525  24.1179   1.5625    0.725    0.464 0.322499
 448.438   299.56  148.875  246.795  24.0882   1.5625     0.73   0.4672 0.321992
 446.875   299.56  147.315  246.065   24.057   1.5625     0.73   0.4672 0.321457
 445.312   299.56   145.75   245.33  24.0242   1.5625    0.735   0.4704 0.320888
  443.75   299.56   144.19  244.595  23.9899   1.5625    0.735   0.4704 0.320316
 442.188   299.56  142.625   243.86  23.9409   1.5625    0.735   0.4704  0.31961
 440.625   299.56  141.065  243.115  23.9033   1.5625    0.745   0.4768 0.319037
 439.062   299.56    139.5   242.37  23.8637   1.5625    0.745   0.4768 0.318427
   437.5   299.56   137.94   241.62  23.8222   1.5625     0.75     0.48 0.317783
 435.938   299.56  136.375  240.865  23.7785   1.5625    0.755   0.4832 0.317101
 434.375   299.56  134.815  240.115  23.7328   1.5625     0.75     0.48 0.316385
 432.812   299.56   133.25  239.365  23.6718   1.5625     0.75     0.48 0.315474
  431.25   299.56   131.69  238.605  23.6219   1.5625     0.76   0.4864 0.314719
 429.688   299.56  130.125  237.845  23.5693   1.5625     0.76   0.4864 0.313972
 428.125   299.56  128.565   237.08  23.5143   1.5625    0.765   0.4896 0.313186
 426.562   299.56      127  236.315  23.4566   1.5625    0.765   0.4896 0.312355
     425   299.56   125.44   235.55  23.3962   1.5625    0.765   0.4896 0.311484
 423.438   299.56  123.875   234.79  23.3199   1.5625     0.76   0.4864 0.310414
 421.875   299.56  122.315  234.025  23.2539   1.5625    0.765   0.4896 0.309461
 420.312   299.56   120.75   233.25  23.1846   1.5625    0.775    0.496 0.308459
  418.75   299.56   119.19   232.48  23.1122   1.5625     0.77   0.4928  0.30742
 417.188   299.56  117.625  231.705  23.0361   1.5625    0.775    0.496 0.306396
 415.625   299.56  116.065  230.935  22.9566   1.5625     0.77   0.4928 0.305326
 414.062   299.56    114.5   230.17  22.8605   1.5625    0.765   0.4896  0.30405
   412.5   299.56   112.94  229.395  22.7738   1.5625    0.775    0.496 0.302882
 410.938   299.56  111.375   228.62  22.6828   1.5625    0.775    0.496 0.301658
 409.375   299.56  109.815  227.845  22.5878   1.5625    0.775    0.496 0.300383
 407.812   299.56   108.25  227.065  22.4881   1.5625     0.78   0.4992 0.299049
  406.25   299.56   106.69   226.29  22.3841   1.5625    0.775    0.496 0.297662
 404.688   299.56  105.125  225.525  22.2624   1.5625    0.765   0.4896  0.29607
 403.125   299.56  103.565   224.75  22.1491   1.5625    0.775    0.496 0.294601
 401.562   299.56      102   223.97  22.0301   1.5625     0.78   0.4992 0.293092
     400   299.56   100.44  223.195  21.9061   1.5625    0.775    0.496 0.291523
 398.438   299.56   98.875  222.415   21.776   1.5625     0.78   0.4992 0.289883
 396.875   299.56   97.315   221.64  21.6404   1.5625    0.775    0.496 0.288181
 395.312   299.56    95.75  220.875  21.4859   1.5625    0.765   0.4896 0.286264
  393.75   299.56    94.19    220.1  21.3381   1.5625    0.775    0.496 0.284428
 392.188   299.56   92.625   219.32  21.1833   1.5625     0.78   0.4992 0.282515
 390.625   299.56   91.065   218.55  21.0219   1.5625     0.77   0.4928 0.280533
 389.062   299.56     89.5   217.77  20.8527   1.5625     0.78   0.4992 0.278469
   387.5   299.56    87.94  217.005  20.6642   1.5625    0.765   0.4896 0.276198
 385.938   299.56   86.375   216.23  20.4798   1.5625    0.775    0.496 0.273983
 384.375   299.56   84.815  215.455  20.2879   1.5625    0.775    0.496 0.271693
 382.812   299.56    83.25   214.68  20.0868   1.5625    0.775    0.496 0.269311
  381.25   299.56    81.69   213.91  19.8773   1.5625     0.77   0.4928  0.26686
 379.688   299.56   80.125   213.14  19.6456   1.5625     0.77   0.4928 0.264189
 378.125   299.56   78.565  212.365  19.4174   1.5625    0.775    0.496 0.261572
 376.562   299.56       77   211.59  19.1785   1.5625    0.775    0.496 0.258851
     375   299.56    75.44  210.815  18.9297   1.5625    0.775    0.496  0.25604
 373.438   299.56   73.875   210.04  18.6689   1.5625    0.775    0.496 0.253119
 371.875   299.56   72.315   209.27  18.3857   1.5625     0.77   0.4928 0.249978
 370.312   299.56    70.75   208.49  18.1019   1.5625     0.78   0.4992 0.246853
  368.75   299.56    69.19   207.71  17.8066   1.5625     0.78   0.4992 0.243631
 367.188   299.56   67.625   206.93  17.4973   1.5625     0.78   0.4992 0.240287
 365.625   299.56   66.065  206.145  17.1755   1.5625    0.785   0.5024  0.23684
 364.062   299.56     64.5  205.365  16.8269   1.5625     0.78   0.4992 0.233149
   362.5   299.56    62.94  204.575  16.4768   1.5625     0.79   0.5056 0.229477
 360.938   299.56   61.375  203.785  16.1101   1.5625     0.79   0.5056 0.225689
 359.375   299.56   59.815  202.985  15.7289   1.5625      0.8    0.512 0.221793
 357.812   299.56    58.25   202.19  15.3185   1.5625    0.795   0.5088 0.217654
  356.25   299.56    56.69   201.38  14.9041   1.5625     0.81   0.5184 0.213518
 354.688   299.56   55.125  200.565  14.4706   1.5625    0.815   0.5216 0.209241
 353.125   299.56   53.565   199.74  14.0201   1.5625    0.825    0.528 0.204851
 351.562   299.56       52   198.91  13.5382   1.5625     0.83   0.5312 0.200218
     350   299.56    50.44  198.065  13.0496   1.5625    0.845   0.5408 0.195576
 348.438   299.56   48.875  197.205  12.5391   1.5625     0.86   0.5504  0.19079
 346.875   299.56   47.315   196.34  11.9984   1.5625    0.865   0.5536  0.18583
 345.312   299.56    45.75   195.45  11.4459   1.5625     0.89   0.5696  0.18084
  343.75   299.56    44.19  194.545  10.8733   1.5625    0.905   0.5792  0.17574
 342.188   299.56   42.625  193.615  10.2655   1.5625     0.93   0.5952 0.170414
 340.625   299.56   41.065   192.66  9.64797   1.5625    0.955   0.6112 0.165089
 339.062   299.56     39.5   191.67  9.00492   1.5625     0.99   0.6336 0.159679
 338.281   299.56    38.72   191.17  8.66512  0.78125      0.5     0.64 0.156859
   337.5   299.56    37.94  190.655  8.33009  0.78125    0.515   0.6592 0.154099
 336.719   299.56   37.155   190.13  7.98686  0.78125    0.525    0.672 0.151296
 335.938   299.56   36.375  189.595  7.63979  0.78125    0.535   0.6848 0.148486
 335.156   299.56   35.595   189.05  7.28667  0.78125    0.545   0.6976  0.14567
 334.375   299.56   34.815  188.495  6.91743  0.78125    0.555   0.7104 0.142768
 333.594   299.56    34.03  187.925  6.55023  0.78125     0.57   0.7296 0.139905
 332.812   299.56    33.25  187.345   6.1793  0.78125     0.58   0.7424  0.13704
 332.031   299.56    32.47  186.745  5.80231  0.78125      0.6    0.768 0.134158
  331.25   299.56    31.69  186.135  5.41926  0.78125     0.61   0.7808 0.131264
 330.469   299.56   30.905  185.505  5.01826  0.78125     0.63   0.8064 0.128292
 329.688   299.56   30.125   184.86  4.62359  0.78125    0.645   0.8256 0.125394
 328.906   299.56   29.345  184.195  4.22304  0.78125    0.665   0.8512 0.122485
 328.125   299.56   28.565  183.515  3.81656  0.78125     0.68   0.8704 0.119566
 327.344   299.56    27.78  182.805  3.39249  0.78125     0.71   0.9088 0.116573
 326.562   299.56       27   182.08  2.97483  0.78125    0.725    0.928 0.113669
 325.781   299.56    26.22   181.33  2.55148  0.78125     0.75     0.96  0.11076
     325   299.56    25.44   180.55  2.11347  0.78125     0.78   0.9984 0.107792
 324.219   299.56   24.655  179.745  1.67666  0.78125    0.805   1.0304 0.104875
 323.438   299.56   23.875  178.915  1.23724  0.78125     0.83   1.0624 0.101994
 322.656   299.56   23.095   178.05 0.792566  0.78125    0.865   1.1072 0.0991181
 321.875   299.56   22.315  177.155 0.334303  0.78125    0.895   1.1456 0.0961987
 321.094   299.56    21.53   176.22 -0.12302  0.78125    0.935   1.1968 0.0933349
 320.312   299.56    20.75   175.25 -0.582316  0.78125     0.97   1.2416 0.0905118
 319.922   299.56    20.36  174.745 -0.822078 0.390625    0.505   1.2928 0.0890577
 319.531   299.56    19.97   174.24 -1.05441 0.390625    0.505   1.2928 0.0876573
 319.141   299.56    19.58   173.72 -1.28789 0.390625     0.52   1.3312 0.0862614
  318.75   299.56    19.19   173.19 -1.52248 0.390625     0.53   1.3568 0.0848704
 318.359   299.56   18.795  172.645 -1.76117 0.390625    0.545   1.3952 0.0834706
 317.969   299.56   18.405  172.085 -2.00607 0.390625     0.56   1.4336 0.0820536
 317.578   299.56   18.015   171.52 -2.24364 0.390625    0.565   1.4464 0.0806883
 317.188   299.56   17.625   170.94 -2.48219 0.390625     0.58   1.4848 0.079329
 316.797   299.56   17.235   170.35 -2.72174 0.390625     0.59   1.5104 0.077976
 316.406   299.56   16.845   169.75 -2.96226 0.390625      0.6    1.536 0.0766298
 316.016   299.56   16.455   169.12 -3.21158 0.390625     0.63   1.6128 0.0752496
 315.625   299.56   16.065   168.49 -3.45371 0.390625     0.63   1.6128 0.0739204
 315.234   299.56    15.67  167.835  -3.6998 0.390625    0.655   1.6768 0.0725874
 314.844   299.56    15.28  167.175 -3.94365 0.390625     0.66   1.6896 0.0712792
 314.453   299.56    14.89   166.49 -4.19607 0.390625    0.685   1.7536 0.0699405
 314.062   299.56     14.5  165.795 -4.44126 0.390625    0.695   1.7792 0.0686506
 313.672   299.56    14.11  165.085 -4.68722 0.390625     0.71   1.8176 0.0673697
 313.281   299.56    13.72  164.355 -4.93387 0.390625     0.73   1.8688 0.066098
 312.891   299.56    13.33  163.605 -5.18121 0.390625     0.75     1.92 0.064836
   312.5   299.56    12.94  162.825 -5.43655 0.390625     0.78   1.9968 0.0635513
 312.109   299.56   12.545   162.03 -5.68809 0.390625    0.795   2.0352 0.0622993
 311.719   299.56   12.155   161.22 -5.93701 0.390625     0.81   2.0736 0.0610735
 311.328   299.56   11.765  160.375 -6.19382 0.390625    0.845   2.1632 0.059825
 310.938   299.56   11.375  159.515 -6.44353 0.390625     0.86   2.2016 0.0586222
 310.547   299.56   10.985  158.635 -6.69369 0.390625     0.88   2.2528 0.0574305
 310.156   299.56   10.595  157.725 -6.94426 0.390625     0.91   2.3296 0.0562504
 309.766   299.56   10.205   156.77 -7.20225 0.390625    0.955   2.4448 0.0550514
 309.375   299.56    9.815    155.8 -7.45325 0.390625     0.97   2.4832 0.0538965
  309.18   299.56    9.615  155.285 -7.58208 0.195312    0.515   2.6368 0.0533097
 308.984   299.56     9.42   154.78 -7.70775 0.195312    0.505   2.5856 0.0527412
 308.789   299.56    9.225   154.26 -7.83348 0.195312     0.52   2.6624 0.0521758
 308.594   299.56     9.03   153.71 -7.96624 0.195312     0.55    2.816 0.0515848
 308.398   299.56    8.835   153.17 -8.09194 0.195312     0.54   2.7648 0.0510263
 308.203   299.56     8.64  152.615 -8.21767 0.195312    0.555   2.8416 0.0504709
 308.008   299.56    8.445  152.045 -8.34345 0.195312     0.57   2.9184 0.0499188
 307.812   299.56     8.25  151.465 -8.46924 0.195312     0.58   2.9696 0.0493698
 307.617   299.56    8.055   150.86 -8.59506 0.195312    0.605   3.0976 0.0488241
 307.422   299.56     7.86   150.24 -8.72089 0.195312     0.62   3.1744 0.0482817
 307.227   299.56    7.665  149.565 -8.85344 0.195312    0.675    3.456 0.047716
 307.031   299.56     7.47   148.89 -8.97915 0.195312    0.675    3.456 0.0471809
 306.836   299.56    7.275   148.17 -9.10486 0.195312     0.72   3.6864 0.046649
 306.641   299.56     7.08  147.395 -9.23055 0.195312    0.775    3.968 0.0461205
 306.445   299.56    6.885  146.525 -9.35622 0.195312     0.87   4.4544 0.0455954
 306.348   299.56    6.785  146.015 -9.42066 0.0976562     0.51   5.2224 0.0453275
  306.25   299.56     6.69   145.45 -9.48187 0.0976562    0.565   5.7856 0.0450737
 306.152   299.56     6.59   144.52 -9.55289 0.0976562     0.93   9.5232 0.0447824
 306.128   299.56    6.565    144.1 -9.56898 0.0244141     0.42  17.2032 0.0447161
 306.116   299.56    6.555   143.73 -9.57541 0.012207     0.37  30.3104 0.0446896
  306.11   299.56    6.545   140.68 -9.58184     0.01     3.05      305 0.0446631
   306.1   299.56    6.535  140.665 -9.58828     0.01    0.015      1.5 0.0446366
 306.084   299.56     6.52  140.645 -9.59793 0.0161035     0.02  1.24196 0.0445968
 306.055   299.56    6.495  140.605 -9.61402 0.0283105     0.04   1.4129 0.0445307
 306.002   299.56     6.44   140.53 -9.64941 0.0527246    0.075  1.42249 0.0443853
 305.901   299.56     6.34  140.385 -9.71373 0.101553    0.145  1.42783 0.0441217
 305.799   299.56    6.235  140.235 -9.78126 0.101553     0.15  1.47707 0.0438459
 305.698   299.56    6.135   140.09 -9.84556 0.101553    0.145  1.42783 0.0435841
 305.596   299.56    6.035  139.945 -9.90984 0.101553    0.145  1.42783 0.0433233
 305.495   299.56     5.93  139.795 -9.97733 0.101553     0.15  1.47707 0.0430504
 305.393   299.56     5.83   139.65 -10.0416 0.101553    0.145  1.42783 0.0427914
 305.292   299.56     5.73   139.51 -10.1058 0.101553     0.14  1.37859 0.0425334
  305.19   299.56     5.63  139.365   -10.17 0.101553    0.145  1.42783 0.0422762
 305.089   299.56    5.525  139.205 -10.2439 0.101553     0.16  1.57554 0.0419836
 304.987   299.56    5.425   139.06  -10.308 0.101553    0.145  1.42783 0.0417287
 304.885   299.56    5.325  138.915 -10.3721 0.101553    0.145  1.42783 0.0414748
 304.784   299.56     5.22   138.76 -10.4394 0.101553    0.155   1.5263 0.0412091
 304.682   299.56     5.12  138.615 -10.5034 0.101553    0.145  1.42783 0.040957
 304.581   299.56     5.02   138.47 -10.5674 0.101553    0.145  1.42783 0.0407059
 304.479   299.56    4.915  138.315 -10.6346 0.101553    0.155   1.5263 0.0404432
 304.378   299.56    4.815   138.17 -10.6986 0.101553    0.145  1.42783 0.040194
 304.276   299.56    4.715  138.025 -10.7625 0.101553    0.145  1.42783 0.0399458
 304.175   299.56     4.61   137.87 -10.8296 0.101553    0.155   1.5263 0.0396861
 304.073   299.56     4.51  137.715 -10.8998 0.101553    0.155   1.5263 0.0394175
 303.971   299.56     4.41   137.57 -10.9636 0.101553    0.145  1.42783 0.0391724
  303.87   299.56    4.305  137.415 -11.0305 0.101553    0.155   1.5263 0.0389161
 303.768   299.56    4.205  137.265 -11.0942 0.101553     0.15  1.47707 0.0386729
 303.667   299.56    4.105   137.12 -11.1578 0.101553    0.145  1.42783 0.0384307
 303.565   299.56    4.005   136.97 -11.2215 0.101553     0.15  1.47707 0.0381895
 303.464   299.56      3.9  136.815 -11.2882 0.101553    0.155   1.5263 0.0379372
 303.362   299.56      3.8  136.665 -11.3518 0.101553     0.15  1.47707 0.037698
 303.261   299.56      3.7   136.52 -11.4153 0.101553    0.145  1.42783 0.0374597
 303.159   299.56    3.595  136.365 -11.4819 0.101553    0.155   1.5263 0.0372105
 303.057   299.56    3.495  136.205 -11.5515 0.101553     0.16  1.57554 0.0369534
 302.956   299.56    3.395   136.06 -11.6148 0.101553    0.145  1.42783 0.0367183
 302.854   299.56     3.29    135.9 -11.6813 0.101553     0.16  1.57554 0.0364724
 302.753   299.56     3.19   135.75 -11.7445 0.101553     0.15  1.47707 0.0362393
 302.651   299.56     3.09    135.6 -11.8076 0.101553     0.15  1.47707 0.0360071
  302.55   299.56    2.985  135.445 -11.8739 0.101553    0.155   1.5263 0.0357643
 302.448   299.56    2.885  135.295  -11.937 0.101553     0.15  1.47707 0.035534
 302.347   299.56    2.785  135.145      -12 0.101553     0.15  1.47707 0.0353047
 302.245   299.56    2.685  134.995  -12.063 0.101553     0.15  1.47707 0.0350763
 302.143   299.56     2.58  134.835  -12.129 0.101553     0.16  1.57554 0.0348376
 302.042   299.56     2.48   134.68 -12.1979 0.101553    0.155   1.5263 0.0345918
  301.94   299.56     2.38  134.525 -12.2606 0.101553    0.155   1.5263 0.0343667
 301.839   299.56    2.275   134.37 -12.3264 0.101553    0.155   1.5263 0.0341313
 301.737   299.56    2.175   134.22  -12.389 0.101553     0.15  1.47707 0.0339081
 301.636   299.56    2.075  134.065 -12.4515 0.101553    0.155   1.5263 0.0336858
 301.534   299.56     1.97  133.905 -12.5171 0.101553     0.16  1.57554 0.0334535
 301.433   299.56     1.87  133.755 -12.5796 0.101553     0.15  1.47707 0.0332332
 301.331   299.56     1.77  133.605 -12.6419 0.101553     0.15  1.47707 0.0330139
  301.23   299.56    1.665  133.445 -12.7073 0.101553     0.16  1.57554 0.0327847
 301.128   299.56    1.565  133.285 -12.7754 0.101553     0.16  1.57554 0.0325491
 301.026   299.56    1.465   133.13 -12.8375 0.101553    0.155   1.5263 0.032333
 300.925   299.56     1.36   132.97 -12.9026 0.101553     0.16  1.57554 0.0321072
 300.823   299.56     1.26   132.82 -12.9645 0.101553     0.15  1.47707 0.0318931
 300.722   299.56     1.16  132.665 -13.0264 0.101553    0.155   1.5263  0.03168
  300.62   299.56     1.06   132.51 -13.0881 0.101553    0.155   1.5263 0.0314678
 300.519   299.56    0.955   132.35 -13.1529 0.101553     0.16  1.57554 0.0312461
 300.417   299.56    0.855  132.195 -13.2146 0.101553    0.155   1.5263 0.0310359
 300.316   299.56    0.755  132.035 -13.2819 0.101553     0.16  1.57554 0.0308092
 300.214   299.56     0.65  131.875 -13.3464 0.101553     0.16  1.57554 0.0305909
 300.112   299.56     0.55   131.72 -13.4077 0.101553    0.155   1.5263 0.0303839
 300.011   299.56     0.45  131.565 -13.4689 0.101553    0.155   1.5263 0.0301778
 299.909   299.56    0.345  131.405 -13.5331 0.101553     0.16  1.57554 0.0299625
 299.808   299.56    0.245   131.25 -13.5942 0.101553    0.155   1.5263 0.0297584
 299.706   299.56    0.145  131.095 -13.6551 0.101553    0.155   1.5263 0.0295553
 299.605   299.56     0.04  130.935 -13.7191 0.101553     0.16  1.57554 0.029343
 299.503    299.5        0   130.78 -13.7799 0.101553    0.155   1.5263 0.0291418
 299.402    299.4        0  130.615 -13.8461 0.101553    0.165  1.62477 0.0289253
   299.3    299.3        0   130.46 -13.9067 0.101553    0.155   1.5263 0.0287263
 299.198  299.195        0  130.295 -13.9701 0.101553    0.165  1.62477 0.0285184
 299.097  299.095        0   130.14 -14.0305 0.101553    0.155   1.5263 0.0283213
 298.995  298.995        0  129.985 -14.0907 0.101553    0.155   1.5263 0.0281251
 298.894   298.89        0   129.82 -14.1539 0.101553    0.165  1.62477 0.0279202
 298.792   298.79        0  129.665 -14.2139 0.101553    0.155   1.5263 0.027726
 298.691   298.69        0   129.51 -14.2738 0.101553    0.155   1.5263 0.0275328
 298.589  298.585        0   129.34 -14.3421 0.101553     0.17  1.67401 0.0273156
 298.488  298.485        0   129.18 -14.4017 0.101553     0.16  1.57554 0.0271245
 298.386  298.385        0  129.025 -14.4613 0.101553    0.155   1.5263 0.0269344
 298.284   298.28        0   128.86 -14.5237 0.101553    0.165  1.62477 0.0267358
 298.183   298.18        0  128.705  -14.583 0.101553    0.155   1.5263 0.0265476
 298.081   298.08        0   128.55 -14.6422 0.101553    0.155   1.5263 0.0263603
  297.98  297.975        0  128.385 -14.7043 0.101553    0.165  1.62477 0.0261646
 297.878  297.875        0   128.22 -14.7686 0.101553    0.165  1.62477 0.0259647
 297.777  297.775        0   128.06 -14.8274 0.101553     0.16  1.57554 0.0257805
 297.675  297.675        0  127.905  -14.886 0.101553    0.155   1.5263 0.0255972
 297.574   297.57        0   127.74 -14.9475 0.101553    0.165  1.62477 0.0254058
 297.472   297.47        0  127.585 -15.0059 0.101553    0.155   1.5263 0.0252244
  297.37   297.37        0  127.425 -15.0642 0.101553     0.16  1.57554 0.025044
 297.269  297.265        0   127.26 -15.1253 0.101553    0.165  1.62477 0.0248555
 297.167  297.165        0  127.105 -15.1834 0.101553    0.155   1.5263 0.024677
 297.066  297.065        0   126.94 -15.2465 0.101553    0.165  1.62477 0.0244857
 296.964   296.96        0  126.775 -15.3071 0.101553    0.165  1.62477 0.0243004
 296.863   296.86        0  126.615 -15.3646 0.101553     0.16  1.57554 0.0241249
 296.761   296.76        0   126.46 -15.4221 0.101553    0.155   1.5263 0.0239503
  296.66  296.655        0  126.295 -15.4822 0.101553    0.165  1.62477 0.0237679
 296.558  296.555        0  126.135 -15.5394 0.101553     0.16  1.57554 0.0235955
 296.457  296.455        0  125.975 -15.5964 0.101553     0.16  1.57554 0.0234239
 296.355   296.35        0  125.805 -15.6612 0.101553     0.17  1.67401 0.0232317
 296.253   296.25        0  125.645 -15.7179 0.101553     0.16  1.57554 0.0230622
 296.152   296.15        0   125.49 -15.7744 0.101553    0.155   1.5263 0.0228936
  296.05   296.05        0   125.33 -15.8308 0.101553     0.16  1.57554 0.0227259
 295.949  295.945        0  125.165 -15.8898 0.101553    0.165  1.62477 0.0225508
 295.847  295.845        0  125.005 -15.9459 0.101553     0.16  1.57554 0.0223849
 295.746  295.745        0   124.85 -16.0019 0.101553    0.155   1.5263  0.02222
 295.644   295.64        0  124.675 -16.0654 0.101553    0.175  1.72324 0.0220354
 295.543   295.54        0  124.515 -16.1209 0.101553     0.16  1.57554 0.0218724
 295.441   295.44        0   124.36 -16.1763 0.101553    0.155   1.5263 0.0217104
 295.339  295.335        0  124.195 -16.2343 0.101553    0.165  1.62477 0.0215412
 295.238  295.235        0  124.035 -16.2894 0.101553     0.16  1.57554 0.021381
 295.136  295.135        0   123.88 -16.3443 0.101553    0.155   1.5263 0.0212216
 295.035   295.03        0  123.715 -16.4017 0.101553    0.165  1.62477 0.0210552
 294.933   294.93        0  123.545 -16.4611 0.101553     0.17  1.67401 0.020886
 294.832   294.83        0   123.39 -16.5155 0.101553    0.155   1.5263 0.0207295
  294.73   294.73        0   123.23 -16.5696 0.101553     0.16  1.57554 0.0205739
 294.629  294.625        0  123.065 -16.6263 0.101553    0.165  1.62477 0.0204114
 294.527  294.525        0   122.91 -16.6802 0.101553    0.155   1.5263 0.0202576
 294.425  294.425        0   122.75 -16.7338 0.101553     0.16  1.57554 0.0201049
 294.324   294.32        0   122.58 -16.7947 0.101553     0.17  1.67401 0.0199343
 294.222   294.22        0   122.42 -16.8479 0.101553     0.16  1.57554 0.0197835
 294.121   294.12        0  122.265  -16.901 0.101553    0.155   1.5263 0.0196336
 294.019  294.015        0    122.1 -16.9565 0.101553    0.165  1.62477 0.0194771
 293.918  293.915        0   121.94 -17.0091 0.101553     0.16  1.57554 0.019329
 293.816  293.815        0  121.785 -17.0616 0.101553    0.155   1.5263 0.0191816
 293.715   293.71        0   121.62 -17.1166 0.101553    0.165  1.62477 0.0190279
 293.613   293.61        0  121.455 -17.1733 0.101553    0.165  1.62477 0.0188717
 293.511   293.51        0    121.3 -17.2251 0.101553    0.155   1.5263 0.0187272
  293.41  293.405        0  121.135 -17.2794 0.101553    0.165  1.62477 0.0185762
 293.308  293.305        0   120.98 -17.3308 0.101553    0.155   1.5263 0.0184334
 293.207  293.205        0   120.82 -17.3821 0.101553     0.16  1.57554 0.0182913
 293.105  293.105        0  120.665 -17.4332 0.101553    0.155   1.5263 0.0181501
 293.004      293        0  120.495 -17.4911 0.101553     0.17  1.67401 0.0179926
 292.902    292.9        0  120.335 -17.5417 0.101553     0.16  1.57554 0.0178535
 292.801    292.8        0   120.18 -17.5921 0.101553    0.155   1.5263 0.0177152
 292.699  292.695        0   120.02 -17.6448 0.101553     0.16  1.57554 0.0175709
 292.598  292.595        0  119.865 -17.6948 0.101553    0.155   1.5263 0.0174343
 292.496  292.495        0  119.705 -17.7446 0.101553     0.16  1.57554 0.0172985
 292.394   292.39        0  119.535  -17.801 0.101553     0.17  1.67401 0.0171472
 292.293   292.29        0   119.38 -17.8503 0.101553    0.155   1.5263 0.0170132
 292.191   292.19        0  119.225 -17.8994 0.101553    0.155   1.5263 0.0168801
  292.09  292.085        0  119.065 -17.9507 0.101553     0.16  1.57554 0.0167411
 291.988  291.985        0   118.91 -17.9993 0.101553    0.155   1.5263 0.0166095
 291.887  291.885        0  118.755 -18.0477 0.101553    0.155   1.5263 0.0164787
 291.785  291.785        0  118.595 -18.1002 0.101553     0.16  1.57554 0.0163396
 291.684   291.68        0   118.43 -18.1505 0.101553    0.165  1.62477 0.0162041
 291.582   291.58        0   118.28 -18.1982 0.101553     0.15  1.47707 0.0160762
  291.48   291.48        0  118.125 -18.2457 0.101553    0.155   1.5263 0.015949
 291.379  291.375        0  117.965 -18.2953 0.101553     0.16  1.57554 0.0158163
 291.277  291.275        0   117.81 -18.3423 0.101553    0.155   1.5263 0.0156907
 291.176  291.175        0   117.65 -18.3933 0.101553     0.16  1.57554 0.0155572
 291.074   291.07        0   117.49 -18.4421 0.101553     0.16  1.57554 0.0154271
 290.973   290.97        0   117.34 -18.4883 0.101553     0.15  1.47707 0.015304
 290.871   290.87        0  117.185 -18.5343 0.101553    0.155   1.5263 0.0151816
  290.77  290.765        0   117.03 -18.5824 0.101553    0.155   1.5263 0.0150539
 290.668  290.665        0  116.875 -18.6279 0.101553    0.155   1.5263 0.0149331
 290.566  290.565        0  116.715 -18.6773 0.101553     0.16  1.57554 0.0148048
 290.465   290.46        0   116.56 -18.7245 0.101553    0.155   1.5263  0.01468
 290.363   290.36        0   116.41 -18.7693 0.101553     0.15  1.47707 0.0145618
 290.262   290.26        0   116.26 -18.8138 0.101553     0.15  1.47707 0.0144444
  290.16   290.16        0   116.11  -18.858 0.101553     0.15  1.47707 0.0143277
 290.059  290.055        0  115.945 -18.9082 0.101553    0.165  1.62477 0.0141981
 289.957  289.955        0  115.795 -18.9519 0.101553     0.15  1.47707 0.0140831
 289.856  289.855        0  115.645 -18.9954 0.101553     0.15  1.47707 0.0139687
 289.754   289.75        0   115.49 -19.0407 0.101553    0.155   1.5263 0.0138495
 289.652   289.65        0   115.34 -19.0837 0.101553     0.15  1.47707 0.0137366
 289.551   289.55        0   115.19 -19.1263 0.101553     0.15  1.47707 0.0136245
 289.449  289.445        0   115.03 -19.1747 0.101553     0.16  1.57554 0.0135003
 289.348  289.345        0   114.88 -19.2168 0.101553     0.15  1.47707  0.01339
 289.246  289.245        0  114.735 -19.2587 0.101553    0.145  1.42783 0.0132805
 289.145   289.14        0   114.58 -19.3023 0.101553    0.155   1.5263 0.0131661
 289.043   289.04        0   114.43 -19.3437 0.101553     0.15  1.47707 0.013058
 288.942   288.94        0   114.28 -19.3885 0.101553     0.15  1.47707 0.0129433
  288.84   288.84        0  114.135 -19.4292 0.101553    0.145  1.42783 0.0128366
 288.739  288.735        0   113.98 -19.4717 0.101553    0.155   1.5263 0.0127254
 288.637  288.635        0  113.835 -19.5119 0.101553    0.145  1.42783 0.0126201
 288.535  288.535        0   113.69 -19.5518 0.101553    0.145  1.42783 0.0125158
 288.434   288.43        0   113.53 -19.5971 0.101553     0.16  1.57554 0.0124001
 288.332   288.33        0  113.385 -19.6364 0.101553    0.145  1.42783 0.0122973
 288.231   288.23        0  113.245 -19.6755 0.101553     0.14  1.37859 0.0121952
 288.129  288.125        0  113.095 -19.7162 0.101553     0.15  1.47707 0.0120886
 288.028  288.025        0   112.95 -19.7547 0.101553    0.145  1.42783 0.0119878
 287.926  287.925        0    112.8 -19.7965 0.101553     0.15  1.47707 0.011881
 287.825   287.82        0   112.65 -19.8363 0.101553     0.15  1.47707 0.0117767
 287.723   287.72        0   112.51 -19.8739 0.101553     0.14  1.37859 0.0116783
 287.621   287.62        0   112.37 -19.9112 0.101553     0.14  1.37859 0.0115805
  287.52  287.515        0   112.22 -19.9501 0.101553     0.15  1.47707 0.0114785
 287.418  287.415        0   112.08 -19.9869 0.101553     0.14  1.37859 0.011382
 287.317  287.315        0  111.935 -20.0267 0.101553    0.145  1.42783 0.0112799
 287.215  287.215        0  111.795 -20.0629 0.101553     0.14  1.37859 0.0111848
 287.114   287.11        0  111.645 -20.1005 0.101553     0.15  1.47707 0.0110856
 287.012   287.01        0   111.51 -20.1361 0.101553    0.135  1.32936 0.0109918
 286.911   286.91        0   111.37 -20.1714 0.101553     0.14  1.37859 0.0108989
 286.809  286.805        0   111.22 -20.2114 0.101553     0.15  1.47707 0.010796
 286.707  286.705        0   111.08  -20.246 0.101553     0.14  1.37859 0.0107045
 286.606  286.605        0  110.945 -20.2804 0.101553    0.135  1.32936 0.0106135
 286.504    286.5        0    110.8 -20.3161 0.101553    0.145  1.42783 0.0105186
 286.403    286.4        0   110.66 -20.3532 0.101553     0.14  1.37859 0.0104231
 286.301    286.3        0   110.52 -20.3866 0.101553     0.14  1.37859 0.0103341
   286.2  286.195        0   110.38 -20.4213 0.101553     0.14  1.37859 0.0102415
 286.098  286.095        0  110.245 -20.4541 0.101553    0.135  1.32936 0.0101539
 285.997  285.995        0   110.11 -20.4867 0.101553    0.135  1.32936 0.0100669
 285.895  285.895        0   109.97 -20.5221 0.101553     0.14  1.37859 0.00997501
 285.793   285.79        0   109.83 -20.5555 0.101553     0.14  1.37859 0.00988503
 285.692   285.69        0    109.7 -20.5871 0.101553     0.13  1.28012 0.00979992
  285.59   285.59        0  109.565 -20.6184 0.101553    0.135  1.32936 0.00971538
 285.489  285.485        0  109.425 -20.6509 0.101553     0.14  1.37859 0.00962747
 285.387  285.385        0   109.29 -20.6846 0.101553    0.135  1.32936 0.00953911
 285.286  285.285        0   109.16 -20.7149 0.101553     0.13  1.28012 0.00945666
 285.184   285.18        0   109.02 -20.7464 0.101553     0.14  1.37859 0.00937067
 285.083   285.08        0   108.89 -20.7761 0.101553     0.13  1.28012 0.00928935
 284.981   284.98        0  108.765 -20.8055 0.101553    0.125  1.23089 0.00920857
  284.88  284.875        0   108.62  -20.839 0.101553    0.145  1.42783 0.00911946
 284.778  284.775        0  108.495 -20.8677 0.101553    0.125  1.23089 0.00904016
 284.676  284.675        0  108.365 -20.8962 0.101553     0.13  1.28012 0.0089614
 284.575   284.57        0   108.23 -20.9257 0.101553    0.135  1.32936 0.00887926
 284.473   284.47        0    108.1 -20.9564 0.101553     0.13  1.28012 0.00879676
 284.372   284.37        0   107.97 -20.9838 0.101553     0.13  1.28012 0.00871972
  284.27   284.27        0  107.845  -21.011 0.101553    0.125  1.23089 0.00864321
 284.169  284.165        0  107.715 -21.0392 0.101553     0.13  1.28012 0.00856367
 284.067  284.065        0   107.59 -21.0657 0.101553    0.125  1.23089 0.00848846
 283.966  283.965        0   107.46 -21.0947 0.101553     0.13  1.28012 0.00840918
 283.864   283.86        0   107.33 -21.1218 0.101553     0.13  1.28012 0.00833141
 283.762   283.76        0  107.205 -21.1474 0.101553    0.125  1.23089 0.00825786
 283.661   283.66        0  107.085 -21.1726 0.101553     0.12  1.18165 0.00818481
 283.559  283.555        0   106.95 -21.2015 0.101553    0.135  1.32936 0.00810444
 283.458  283.455        0   106.83  -21.226 0.101553     0.12  1.18165 0.00803275
 283.356  283.355        0   106.71 -21.2503 0.101553     0.12  1.18165 0.00796155
 283.255   283.25        0   106.58 -21.2754 0.101553     0.13  1.28012 0.00788732
 283.153   283.15        0   106.46  -21.299 0.101553     0.12  1.18165 0.00781712
 283.052   283.05        0  106.335  -21.325 0.101553    0.125  1.23089 0.00774324
  282.95   282.95        0  106.215 -21.3479 0.101553     0.12  1.18165 0.00767434
 282.848  282.845        0  106.095 -21.3717 0.101553     0.12  1.18165 0.0076025
 282.747  282.745        0  105.975  -21.394 0.101553     0.12  1.18165 0.00753457
 282.645  282.645        0  105.855 -21.4186 0.101553     0.12  1.18165 0.00746304
 282.544   282.54        0   105.73 -21.4413 0.101553    0.125  1.23089 0.00739281
 282.442   282.44        0  105.615 -21.4626 0.101553    0.115  1.13242 0.00732651
 282.341   282.34        0    105.5 -21.4836 0.101553    0.115  1.13242 0.00726078
 282.239  282.235        0  105.375 -21.5079 0.101553    0.125  1.23089 0.00718833
 282.138  282.135        0   105.26 -21.5282 0.101553    0.115  1.13242 0.00712363
 282.036  282.035        0  105.145 -21.5482 0.101553    0.115  1.13242 0.00705938
 281.934   281.93        0  105.025  -21.569 0.101553     0.12  1.18165 0.00699241
 281.833   281.83        0   104.91 -21.5884 0.101553    0.115  1.13242 0.00692929
 281.731   281.73        0  104.795 -21.6098 0.101553    0.115  1.13242 0.00686292
  281.63  281.625        0   104.68 -21.6295 0.101553    0.115  1.13242 0.00679767
 281.528  281.525        0  104.565 -21.6479 0.101553    0.115  1.13242 0.00673598
 281.427  281.425        0  104.455  -21.666 0.101553     0.11  1.08318 0.00667473
 281.325  281.325        0   104.34 -21.6861 0.101553    0.115  1.13242 0.00661047
 281.224   281.22        0  104.225 -21.7044 0.101553    0.115  1.13242 0.00654737
 281.122   281.12        0   104.12 -21.7215 0.101553    0.105  1.03395 0.00648771
 281.021   281.02        0   104.01 -21.7383 0.101553     0.11  1.08318 0.00642847
 280.919  280.915        0   103.89 -21.7579 0.101553     0.12  1.18165 0.00636328
 280.817  280.815        0  103.785  -21.774 0.101553    0.105  1.03395 0.00630509
 280.716  280.715        0   103.68 -21.7899 0.101553    0.105  1.03395 0.0062474
 280.614   280.61        0  103.565 -21.8061 0.101553    0.115  1.13242 0.00618727
 280.513   280.51        0  103.455 -21.8235 0.101553     0.11  1.08318 0.0061271
 280.411   280.41        0   103.35 -21.8384 0.101553    0.105  1.03395 0.00607073
  280.31  280.305        0   103.24 -21.8536 0.101553     0.11  1.08318 0.00601208
 280.208  280.205        0   103.14 -21.8679 0.101553      0.1  0.98471 0.00595672
 280.009  280.005        0   102.93 -21.8975 0.199209     0.21  1.05417 0.00584408
  279.81  279.805        0  102.725 -21.9237 0.199209    0.205  1.02907 0.00573637
  279.61   279.61        0  102.525 -21.9501 0.199209      0.2  1.00397 0.00563008
 279.411   279.41        0  102.325 -21.9738 0.199209      0.2  1.00397 0.00552581
 279.212   279.21        0  102.125 -21.9983 0.199209      0.2  1.00397 0.00542042
 279.013   279.01        0   101.93 -22.0196 0.199209    0.195 0.978872 0.00531961
 278.814   278.81        0  101.735 -22.0415 0.199209    0.195 0.978872 0.00521762
 278.614   278.61        0  101.545 -22.0603 0.199209     0.19 0.953772 0.00512019
 278.415  278.415        0  101.355 -22.0793 0.199209     0.19 0.953772 0.00502389
 278.216  278.215        0   101.17 -22.0957 0.199209    0.185 0.928673 0.00492969
 278.017  278.015        0  100.985 -22.1127 0.199209    0.185 0.928673 0.00483428
 277.818  277.815        0    100.8 -22.1266 0.199209    0.185 0.928673 0.00474318
 277.618  277.615        0   100.62 -22.1411 0.199209     0.18 0.903574 0.00465101
 277.419  277.415        0  100.445 -22.1526 0.199209    0.175 0.878474 0.00456292
  277.22  277.215        0  100.265 -22.1647 0.199209     0.18 0.903574 0.00447389
 277.021   277.02        0  100.095 -22.1736 0.199209     0.17 0.853375 0.00439083
 276.822   276.82        0   99.925 -22.1833 0.199209     0.17 0.853375 0.00430482
 276.622   276.62        0   99.755 -22.1901 0.199209     0.17 0.853375 0.00422246
 276.423   276.42        0   99.585 -22.1974 0.199209     0.17 0.853375 0.00413941
 276.224   276.22        0    99.42 -22.2035 0.199209    0.165 0.828276 0.00405765
 276.025   276.02        0   99.255 -22.2068 0.199209    0.165 0.828276 0.00397964
 275.825  275.825        0     99.1 -22.2105 0.199209    0.155 0.778077 0.00390261
 275.626  275.625        0    98.94 -22.2117 0.199209     0.16 0.803177 0.00382723
 275.427  275.425        0   98.785 -22.2131 0.199209    0.155 0.778077 0.00375101
 275.228  275.225        0    98.63  -22.212 0.199209    0.155 0.778077 0.00367821
 275.029  275.025        0   98.475 -22.2112 0.199209    0.155 0.778077 0.00360465
 274.829  274.825        0   98.325 -22.2079 0.199209     0.15 0.752978 0.00353436
  274.63   274.63        0    98.18 -22.2049 0.199209    0.145 0.727879 0.00346509
 274.431   274.43        0   98.035 -22.1995 0.199209    0.145 0.727879 0.00339721
 274.232   274.23        0    97.89 -22.1943 0.199209    0.145 0.727879 0.00332869
 274.033   274.03        0   97.745  -22.188 0.199209    0.145 0.727879 0.00326143
 273.833   273.83        0   97.605 -22.1793 0.199209     0.14  0.70278 0.00319709
 273.634   273.63        0    97.47 -22.1708 0.199209    0.135  0.67768 0.00313221
 273.435   273.43        0   97.335 -22.1601 0.199209    0.135  0.67768 0.00307014
 273.236  273.235        0     97.2 -22.1499 0.199209    0.135  0.67768 0.00300908
 273.037  273.035        0    97.07 -22.1371 0.199209     0.13 0.652581 0.00294917
 272.837  272.835        0    96.94 -22.1245 0.199209     0.13 0.652581 0.00288883
 272.638  272.635        0    96.81 -22.1109 0.199209     0.13 0.652581 0.00282951
 272.439  272.435        0   96.685 -22.0952 0.199209    0.125 0.627482 0.00277287
  272.24  272.235        0    96.56 -22.0795 0.199209    0.125 0.627482 0.00271568
 272.041   272.04        0    96.44 -22.0623 0.199209     0.12 0.602382 0.00266244
 271.841   271.84        0    96.32 -22.0447 0.199209     0.12 0.602382 0.00260731
 271.642   271.64        0     96.2 -22.0252 0.199209     0.12 0.602382 0.00255465
 271.443   271.44        0    96.08 -22.0057 0.199209     0.12 0.602382 0.00250153
 271.244   271.24        0   95.965 -21.9852 0.199209    0.115 0.577283 0.00244944
 271.044   271.04        0   95.855 -21.9628 0.199209     0.11 0.552184 0.00239961
 270.845  270.845        0   95.745 -21.9411 0.199209     0.11 0.552184 0.00235063
 270.646  270.645        0   95.635  -21.917 0.199209     0.11 0.552184 0.0023026
 270.447  270.445        0   95.525 -21.8928 0.199209     0.11 0.552184 0.00225422
 270.248  270.245        0    95.42 -21.8678 0.199209    0.105 0.527085 0.00220677
 270.048  270.045        0   95.315  -21.841 0.199209    0.105 0.527085 0.00216136
 269.849  269.845        0    95.21 -21.8142 0.199209    0.105 0.527085 0.00211569
  269.65   269.65        0   95.115 -21.7864 0.199209    0.095 0.476886 0.00207305
 269.255  269.255        0   94.915 -21.7293 0.394521      0.2 0.506943 0.00198691
 268.861   268.86        0    94.73 -21.6682 0.394521    0.185 0.468922 0.00190504
 268.466  268.465        0   94.545 -21.6039 0.394521    0.185 0.468922 0.0018262
 268.072   268.07        0    94.37 -21.5365 0.394521    0.175 0.443575 0.0017503
 267.677  267.675        0     94.2 -21.4661 0.394521     0.17 0.430902 0.00167723
 267.283   267.28        0   94.035 -21.3933 0.394521    0.165 0.418228 0.00160605
 266.888  266.885        0   93.875 -21.3171 0.394521     0.16 0.405555 0.00153847
 266.494   266.49        0    93.72  -21.238 0.394521    0.155 0.392881 0.00147345
 266.099  266.095        0   93.575 -21.1563 0.394521    0.145 0.367534 0.0014109
 265.705    265.7        0    93.43 -21.0723 0.394521    0.145 0.367534 0.00135002
  265.31   265.31        0   93.295 -20.9864 0.394521    0.135 0.342187 0.00129293
 264.916  264.915        0   93.165 -20.8969 0.394521     0.13 0.329513 0.00123737
 264.521   264.52        0   93.035 -20.8049 0.394521     0.13 0.329513 0.00118396
 264.127  264.125        0    92.91 -20.7108 0.394521    0.125  0.31684 0.00113201
 263.732   263.73        0   92.795  -20.614 0.394521    0.115 0.291492 0.00108273
 263.338  263.335        0    92.68 -20.5149 0.394521    0.115 0.291492 0.0010354
 262.943   262.94        0    92.57 -20.4138 0.394521     0.11 0.278819 0.00098941
 262.549  262.545        0   92.465 -20.3101 0.394521    0.105 0.266145 0.000945791
 262.154   262.15        0   92.365 -20.2044 0.394521      0.1 0.253472 0.000903908
 261.369  261.365        0   92.175 -19.9907 0.785146     0.19 0.241993 0.000825191
 260.584   260.58        0   92.005  -19.772 0.785146     0.17  0.21652 0.000753135
 259.799  259.795        0   91.845 -19.5489 0.785146     0.16 0.203784 0.00068646
 259.014   259.01        0     91.7 -19.3213 0.785146    0.145 0.184679 0.000625185
 258.228  258.225        0    91.57 -19.0895 0.785146     0.13 0.165574 0.000568909
 257.443   257.44        0    91.45 -18.8535 0.785146     0.12 0.152838 0.000517577
 256.658  256.655        0    91.34 -18.6137 0.785146     0.11 0.140101 0.00047022
 255.873   255.87        0    91.24 -18.3703 0.785146      0.1 0.127365 0.000426833
 254.307  254.305        0    91.07 -17.8744   1.5664     0.17 0.108529 0.000351219
  252.74   252.74        0   90.925 -17.3658   1.5664    0.145 0.0925692 0.000287829
 251.174   251.17        0   90.805 -16.8439   1.5664     0.12 0.076609 0.000234878
 249.607  249.605        0   90.705 -16.3131   1.5664      0.1 0.0638408 0.000191189
 246.478  246.475        0    90.52 -15.2235   3.1289    0.185 0.0591263 0.000125037
  243.35  243.345        0    90.33 -14.1022   3.1289     0.19 0.0607243 8.03855e-05
 240.221   240.22        0    90.08 -12.9564   3.1289     0.25 0.0799004 5.07366e-05
 237.092   237.09        0    89.72 -11.7868   3.1289     0.36 0.115057 3.13066e-05
 233.963   233.96        0   89.215 -10.5984   3.1289    0.505 0.161399 1.88272e-05
 230.834   230.83        0    88.52 -9.39412   3.1289    0.695 0.222123 1.09667e-05
 227.705  227.705        0   87.615 -8.17807   3.1289    0.905 0.289239 6.15567e-06
 226.143   226.14        0   87.075 -7.56458   1.5664     0.54  0.34474 4.52294e-06
 224.576  224.575        0   86.475 -6.94839   1.5664      0.6 0.383045 3.27833e-06
  223.01  223.005        0    85.82 -6.32776   1.5664    0.655 0.418157 2.32992e-06
 221.443   221.44        0    85.11 -5.70688   1.5664     0.71  0.45327 1.62482e-06
 219.877  219.875        0   84.345 -5.08403   1.5664    0.765 0.488382 1.41281e-06
 218.311   218.31        0   83.525 -4.45944   1.5664     0.82 0.523495 1.40334e-06
 216.744   216.74        0   82.655 -3.83138   1.5664     0.87 0.555415 1.39414e-06
 215.178  215.175        0   81.745 -3.20411   1.5664     0.91 0.580951 1.38529e-06
 214.397  214.395        0   81.275 -2.89112 0.785146     0.47 0.598614 1.38101e-06
 214.006  214.005        0   80.285 -2.73455 0.394521     0.99  2.50937 1.42814e-06
 213.611   213.61        0    79.79 -2.57593 0.394521    0.495  1.25468 1.44252e-06
 213.217  213.215        0    79.38 -2.41727 0.394521     0.41  1.03923 1.45112e-06
 212.822   212.82        0       79 -2.25858 0.394521     0.38 0.963192 1.45772e-06
 212.428  212.425        0   78.635 -2.09986 0.394521    0.365 0.925171 1.46321e-06
 212.033   212.03        0    78.28 -1.94111 0.394521    0.355 0.899824 1.46794e-06
 211.639  211.635        0   77.935 -1.78234 0.394521    0.345 0.874477 1.47212e-06
 211.244   211.24        0    77.59 -1.62356 0.394521    0.345 0.874477 1.47585e-06
  210.85  210.845        0    77.25 -1.46477 0.394521     0.34 0.861804 1.47924e-06
 210.455  210.455        0   76.915 -1.30799 0.394521    0.335  0.84913 1.48228e-06
 210.061   210.06        0    76.58  -1.1492 0.394521    0.335  0.84913 1.4851e-06
 209.666  209.665        0   76.245 -0.990416 0.394521    0.335  0.84913 1.48769e-06
 209.272   209.27        0    75.91 -0.831647 0.394521    0.335  0.84913 1.49008e-06
 208.877  208.875        0    75.58 -0.672899 0.394521     0.33 0.836456 1.49228e-06
 208.483   208.48        0    75.25 -0.514178 0.394521     0.33 0.836456 1.49432e-06
 208.088  208.085        0    74.92 -0.355488 0.394521     0.33 0.836456 1.4962e-06
 207.694   207.69        0    74.59 -0.196836 0.394521     0.33 0.836456 1.49794e-06
 207.299  207.295        0   74.265 -0.0382276 0.394521    0.325 0.823783 1.49955e-06
 206.905    206.9        0    73.94 0.120332 0.394521    0.325 0.823783 1.50103e-06
  206.51   206.51        0   73.615 0.276832 0.394521    0.325 0.823783 1.50238e-06
 206.115  206.115        0    73.29 0.435278 0.394521    0.325 0.823783 1.50364e-06
 205.721   205.72        0   72.965 0.593658 0.394521    0.325 0.823783 1.50479e-06
 205.326  205.325        0    72.64 0.751965 0.394521    0.325 0.823783 1.50586e-06
 204.932   204.93        0    72.32 0.910195 0.394521     0.32 0.811109 1.50682e-06
 204.537  204.535        0   71.995  1.06834 0.394521    0.325 0.823783 1.5077e-06
 204.143   204.14        0   71.675  1.22639 0.394521     0.32 0.811109 1.50849e-06
 203.748  203.745        0    71.35  1.38435 0.394521    0.325 0.823783 1.50921e-06
 203.354   203.35        0    71.03  1.54221 0.394521     0.32 0.811109 1.50984e-06
 202.959  202.955        0    70.71  1.69996 0.394521     0.32 0.811109 1.5104e-06
 202.565   202.56        0    70.39  1.85759 0.394521     0.32 0.811109 1.51089e-06
  202.17   202.17        0   70.075   2.0131 0.394521    0.315 0.798436 1.51131e-06
 201.776  201.775        0   69.755  2.17049 0.394521     0.32 0.811109 1.51167e-06
 201.381   201.38        0    69.44  2.32773 0.394521    0.315 0.798436 1.51196e-06
 200.987  200.985        0    69.12  2.48484 0.394521     0.32 0.811109 1.51219e-06
 200.592   200.59        0   68.805   2.6418 0.394521    0.315 0.798436 1.51237e-06
 200.198  200.195        0    68.49  2.79861 0.394521    0.315 0.798436 1.51248e-06
 199.803    199.8        0   68.175  2.95525 0.394521    0.315 0.798436 1.51255e-06
 199.409  199.405        0   67.865  3.11173 0.394521     0.31 0.785762 1.51256e-06
 199.014   199.01        0    67.55  3.26803 0.394521    0.315 0.798436 1.51251e-06
  198.62  198.615        0    67.24  3.42415 0.394521     0.31 0.785762 1.51243e-06
 198.225  198.225        0    66.93  3.57811 0.394521     0.31 0.785762 1.51229e-06
 197.831   197.83        0    66.62  3.73385 0.394521     0.31 0.785762 1.5121e-06
 197.436  197.435        0    66.31  3.88939 0.394521     0.31 0.785762 1.51187e-06
 197.041   197.04        0   66.005  4.04472 0.394521    0.305 0.773088 1.51159e-06
 196.647  196.645        0   65.695  4.19984 0.394521     0.31 0.785762 1.51127e-06
 196.252   196.25        0    65.39  4.35474 0.394521    0.305 0.773088 1.51091e-06
 195.858  195.855        0   65.085  4.50941 0.394521    0.305 0.773088 1.5105e-06
 195.463   195.46        0    64.78  4.66384 0.394521    0.305 0.773088 1.51006e-06
 195.069  195.065        0    64.48  4.81803 0.394521      0.3 0.760415 1.50958e-06
 194.674   194.67        0   64.175  4.97197 0.394521    0.305 0.773088 1.50906e-06
  194.28  194.275        0   63.875  5.12566 0.394521      0.3 0.760415 1.5085e-06
 193.885  193.885        0    63.58  5.27714 0.394521    0.295 0.747741 1.50791e-06
 193.491   193.49        0    63.28   5.4303 0.394521      0.3 0.760415 1.50728e-06
 193.096  193.095        0   62.985  5.58318 0.394521    0.295 0.747741 1.50661e-06
 192.702    192.7        0    62.69  5.73578 0.394521    0.295 0.747741 1.50592e-06
 192.307  192.305        0   62.395  5.88809 0.394521    0.295 0.747741 1.50518e-06
 191.913   191.91        0     62.1  6.04011 0.394521    0.295 0.747741 1.50441e-06
 191.518  191.515        0    61.81  6.19182 0.394521     0.29 0.735068 1.5036e-06
 191.124   191.12        0    61.52  6.34322 0.394521     0.29 0.735068 1.50276e-06
 190.729  190.725        0    61.23  6.49431 0.394521     0.29 0.735068 1.50189e-06
 190.335   190.33        0    60.94  6.64507 0.394521     0.29 0.735068 1.50099e-06
  189.94   189.94        0    60.66   6.7936 0.394521     0.28 0.709721 1.50006e-06
 189.546  189.545        0   60.375   6.9437 0.394521    0.285 0.722394 1.49909e-06
 189.151   189.15        0    60.09  7.09346 0.394521    0.285 0.722394 1.49808e-06
 188.757  188.755        0    59.81  7.24287 0.394521     0.28 0.709721 1.49704e-06
 188.362   188.36        0    59.53  7.39192 0.394521     0.28 0.709721 1.49596e-06
 187.968  187.965        0    59.25  7.54061 0.394521     0.28 0.709721 1.49484e-06
 187.573   187.57        0   58.975  7.68894 0.394521    0.275 0.697047 1.49369e-06
 187.178  187.175        0     58.7  7.83688 0.394521    0.275 0.697047 1.49249e-06
 186.784   186.78        0   58.425  7.98445 0.394521    0.275 0.697047 1.49124e-06
 186.389  186.385        0   58.155  8.13163 0.394521     0.27 0.684373 1.48995e-06
 185.995   185.99        0   57.885  8.27842 0.394521     0.27 0.684373 1.48861e-06
   185.6    185.6        0    57.62  8.42295 0.394521    0.265   0.6717 1.48722e-06
 185.206  185.205        0   57.355  8.56894 0.394521    0.265   0.6717 1.48576e-06
 184.811   184.81        0    57.09  8.71451 0.394521    0.265   0.6717 1.48422e-06
 184.417  184.415        0    56.83  8.85966 0.394521     0.26 0.659026 1.4826e-06
 184.022   184.02        0    56.57  9.00439 0.394521     0.26 0.659026 1.48088e-06
 183.628  183.625        0   56.315  9.14869 0.394521    0.255 0.646353 1.47905e-06
 183.233   183.23        0    56.06  9.29256 0.394521    0.255 0.646353 1.4771e-06
 182.839  182.835        0   55.815  9.43598 0.394521    0.245 0.621005 1.47499e-06
 182.444   182.44        0   55.565  9.57896 0.394521     0.25 0.633679 1.4727e-06
  182.05  182.045        0   55.325  9.72148 0.394521     0.24 0.608332 1.47019e-06
 181.655  181.655        0    55.09  9.86175 0.394521    0.235 0.595658 1.46747e-06
 181.261   181.26        0    54.86  10.0034 0.394521     0.23 0.582985 1.4644e-06
 180.866  180.865        0   54.635  10.1445 0.394521    0.225 0.570311 1.46096e-06
 180.472   180.47        0    54.42  10.2851 0.394521    0.215 0.544964 1.45706e-06
 180.077  180.075        0    54.21  10.4253 0.394521     0.21  0.53229 1.4526e-06
 179.683   179.68        0    54.01   10.565 0.394521      0.2 0.506943 1.44746e-06
 179.288  179.285        0    53.83  10.7042 0.394521     0.18 0.456249 1.44149e-06
 178.894   178.89        0    53.66  10.8429 0.394521     0.17 0.430902 1.4345e-06
 178.499  178.495        0   53.515  10.9811 0.394521    0.145 0.367534 1.42626e-06
 178.104    178.1        0   53.395  11.1188 0.394521     0.12 0.304166 1.41649e-06
  177.71  177.705        0   53.305   11.256 0.394521     0.09 0.228124 1.40487e-06
 176.925   176.92        0   53.265  11.5271 0.785146     0.04 0.0509459 1.37509e-06
 175.358  175.355        0   53.605  12.0613   1.5664    -0.34 -0.217059 1.30206e-06
 173.792   173.79        0   53.065  12.5871   1.5664     0.54  0.34474 1.28159e-06
 172.226  172.225        0    52.14   13.104   1.5664    0.925 0.590527 1.28064e-06
 170.659  170.655        0    51.21  13.6134   1.5664     0.93 0.593719 1.28067e-06
 169.093   169.09        0   50.305   14.112   1.5664    0.905 0.577759 1.28089e-06
 167.526  167.525        0    49.42  14.6012   1.5664    0.885 0.564991 1.2813e-06
  165.96   165.96        0    48.56  15.0807   1.5664     0.86 0.549031 1.28187e-06
 164.394   164.39        0   47.715  15.5519   1.5664    0.845 0.539455 1.2826e-06
 162.827  162.825        0   46.895  16.0118   1.5664     0.82 0.523495 1.28351e-06
 161.261   161.26        0     46.1  16.4616   1.5664    0.795 0.507534 1.28456e-06
 159.694   159.69        0    45.32  16.9028   1.5664     0.78 0.497958 1.28577e-06
 158.128  158.125        0    44.57  17.3324   1.5664     0.75 0.478806 1.28713e-06
 156.562   156.56        0    43.84  17.7519   1.5664     0.73 0.466038 1.28864e-06
 154.995  154.995        0    43.13  18.1613   1.5664     0.71  0.45327 1.2903e-06
 153.429  153.425        0    42.44  18.5618   1.5664     0.69 0.440501 1.29211e-06
 151.862   151.86        0    41.77   18.951   1.5664     0.67 0.427733 1.29404e-06
 150.296  150.295        0   41.125  19.3301   1.5664    0.645 0.411773 1.29612e-06
  148.73  148.725        0     40.5  19.7005   1.5664    0.625 0.399005 1.29835e-06
 147.163   147.16        0     39.9  20.0598   1.5664      0.6 0.383045 1.3007e-06
 145.597  145.595        0    39.32  20.4094   1.5664     0.58 0.370277 1.30319e-06
  144.03   144.03        0    38.76  20.7493   1.5664     0.56 0.357508 1.3058e-06
 142.464   142.46        0    38.22  21.0808   1.5664     0.54  0.34474 1.30855e-06
 140.898  140.895        0     37.7  21.4018   1.5664     0.52 0.331972 1.31142e-06
 139.331   139.33        0   37.205  21.7136   1.5664    0.495 0.316012 1.31441e-06
 137.765   137.76        0   36.725  22.0172   1.5664     0.48 0.306436 1.31753e-06
 136.198  136.195        0    36.27  22.3108   1.5664    0.455 0.290476 1.32075e-06
 134.632   134.63        0    35.83  22.5956   1.5664     0.44   0.2809 1.32409e-06
 133.066  133.065        0   35.415  22.8717   1.5664    0.415 0.264939 1.32754e-06
 131.499  131.495        0    35.02    23.14   1.5664    0.395 0.252171 1.3311e-06
 129.933   129.93        0    34.64  23.3989   1.5664     0.38 0.242595 1.33476e-06
 128.367  128.365        0   34.285  23.6495   1.5664    0.355 0.226635 1.33852e-06
   126.8    126.8        0    33.95  23.8918   1.5664    0.335 0.213867 1.34237e-06
 125.234   125.23        0    33.63  24.1266   1.5664     0.32 0.204291 1.34633e-06
 123.667  123.665        0   33.335  24.3526   1.5664    0.295  0.18833 1.35036e-06
 122.101    122.1        0   33.055  24.5706   1.5664     0.28 0.178754 1.35447e-06
 120.535   120.53        0   32.795  24.7813   1.5664     0.26 0.165986 1.35867e-06
 118.968  118.965        0   32.555  24.9834   1.5664     0.24 0.153218 1.36294e-06
 117.402    117.4        0   32.335  25.1776   1.5664     0.22  0.14045 1.36727e-06
 115.835  115.835        0    32.14  25.3641   1.5664    0.195  0.12449 1.37167e-06
 114.269  114.265        0    31.96  25.5432   1.5664     0.18 0.114913 1.37614e-06
 112.703    112.7        0     31.8   25.714   1.5664     0.16 0.102145 1.38065e-06
 111.136  111.135        0   31.665  25.8769   1.5664    0.135 0.0861851 1.38522e-06
  109.57  109.565        0   31.545  26.0325   1.5664     0.12 0.076609 1.38983e-06
 108.003      108        0    31.45  26.1796   1.5664    0.095 0.0606488 1.39447e-06
 104.874   104.87        0   31.325  26.4501   3.1289    0.125 0.0399502 1.40386e-06
 101.746  101.745        0   31.295   26.688   3.1289     0.03 0.00958804 1.41333e-06
 95.4917    95.49        0    31.53  27.0648   6.2539   -0.235 -0.0375766 1.43237e-06
 89.2378   89.235        0   32.225  27.3033   6.2539   -0.695 -0.111131 1.45128e-06
 86.1128    86.11        0    32.77  27.3684   3.1289   -0.545 -0.174183 1.46058e-06
 82.9839    82.98        0    33.46  27.3964   3.1289    -0.69 -0.220525 1.46975e-06
  79.855    79.85        0    34.32  27.3865   3.1289    -0.86 -0.274857 1.47875e-06
 78.2925    78.29        0    34.81  27.3673   1.5664    -0.49 -0.31282 1.48316e-06
 76.7261   76.725        0    35.35  27.3386   1.5664    -0.54 -0.34474 1.48754e-06
 75.1597   75.155        0    35.94  27.3001   1.5664    -0.59 -0.376661 1.49189e-06
 73.5933    73.59        0   36.575  27.2523   1.5664   -0.635 -0.405389 1.49616e-06
 72.0269   72.025        0   37.265  27.1951   1.5664    -0.69 -0.440501 1.50039e-06
 70.4605    70.46        0   38.005  27.1286   1.5664    -0.74 -0.472422 1.50455e-06
 68.8941    68.89        0   38.805  27.0528   1.5664     -0.8 -0.510726 1.50868e-06
 67.3277   67.325        0   39.655  26.9683   1.5664    -0.85 -0.542647 1.51276e-06
 65.7613    65.76        0    40.56  26.8752   1.5664   -0.905 -0.577759 1.51678e-06
 64.1949    64.19        0   41.525  26.7734   1.5664   -0.965 -0.616064 1.52076e-06
 63.4137    63.41        0   42.025  26.7198 0.785146     -0.5 -0.636824 1.52273e-06
 62.6285   62.625        0    42.54  26.6639 0.785146   -0.515 -0.655929 1.52471e-06
 61.8434    61.84        0   43.075  26.6061 0.785146   -0.535 -0.681402 1.52667e-06
 61.0582   61.055        0   43.615  26.5464 0.785146    -0.54 -0.68777 1.52863e-06
 60.2731    60.27        0   44.175  26.4849 0.785146    -0.56 -0.713243 1.53058e-06
 59.4879   59.485        0    44.74  26.4217 0.785146   -0.565 -0.719611 1.53252e-06
 58.7028     58.7        0   45.325  26.3568 0.785146   -0.585 -0.745084 1.53445e-06
 57.9176   57.915        0    45.92  26.2903 0.785146   -0.595 -0.75782 1.53639e-06
 57.1325    57.13        0   46.525  26.2223 0.785146   -0.605 -0.770557 1.53832e-06
 56.3473   56.345        0    47.14  26.1528 0.785146   -0.615 -0.783293 1.54025e-06
 55.5622    55.56        0    47.77  26.0819 0.785146    -0.63 -0.802398 1.54217e-06
  54.777   54.775        0   48.405  26.0097 0.785146   -0.635 -0.808766 1.5441e-06
 53.9919    53.99        0   49.055  25.9362 0.785146    -0.65 -0.827871 1.54602e-06
 53.2067   53.205        0    49.71  25.8616 0.785146   -0.655 -0.834239 1.54795e-06
 52.4216    52.42        0   50.375   25.786 0.785146   -0.665 -0.846976 1.54989e-06
 51.6365   51.635        0    51.05  25.7094 0.785146   -0.675 -0.859712 1.55183e-06
 50.8513    50.85        0    51.73   25.632 0.785146    -0.68 -0.86608 1.55377e-06
 50.0662   50.065        0   52.415  25.5538 0.785146   -0.685 -0.872449 1.55573e-06
  49.281    49.28        0   53.105  25.4749 0.785146    -0.69 -0.878817 1.55769e-06
 48.4959   48.495        0     53.8  25.3955 0.785146   -0.695 -0.885185 1.55967e-06
 47.7107    47.71        0   54.495  25.3156 0.785146   -0.695 -0.885185 1.56166e-06
 46.9256   46.925        0   55.195  25.2354 0.785146     -0.7 -0.891553 1.56367e-06
 46.1404    46.14        0   55.895   25.155 0.785146     -0.7 -0.891553 1.56569e-06
 45.3553   45.355        0     56.6  25.0745 0.785146   -0.705 -0.897922 1.56772e-06
 44.5701    44.57        0   57.295  24.9941 0.785146   -0.695 -0.885185 1.56979e-06
  43.785    43.78        0       58  24.9133 0.785146   -0.705 -0.897922 1.57189e-06
 42.9998   42.995        0    58.69  24.8334 0.785146    -0.69 -0.878817 1.574e-06
 42.2147    42.21        0    59.38  24.7539 0.785146    -0.69 -0.878817 1.57613e-06
 41.4296   41.425        0    60.06   24.675 0.785146    -0.68 -0.86608 1.5783e-06
 40.6444    40.64        0   60.735  24.5968 0.785146   -0.675 -0.859712 1.5805e-06
 39.8593   39.855        0     61.4  24.5196 0.785146   -0.665 -0.846976 1.58273e-06
 39.0741    39.07        0   62.055  24.4434 0.785146   -0.655 -0.834239 1.58501e-06
  38.289   38.285        0   62.695  24.3685 0.785146    -0.64 -0.815135 1.58733e-06
 37.5038     37.5        0    63.32   24.295 0.785146   -0.625 -0.79603 1.58969e-06
 36.7187   36.715        0    63.93  24.2231 0.785146    -0.61 -0.776925 1.59211e-06
 35.9335    35.93        0    64.52  24.1531 0.785146    -0.59 -0.751452 1.59458e-06
 35.1484   35.145        0   65.095   24.085 0.785146   -0.575 -0.732347 1.59707e-06
 34.3632    34.36        0    65.62  24.0192 0.785146   -0.525 -0.668665 1.60008e-06
 33.5781   33.575        0   66.145  23.9558 0.785146   -0.525 -0.668665 1.60264e-06
 32.7929    32.79        0    66.64   23.895 0.785146   -0.495 -0.630456 1.60525e-06
 32.0078   32.005        0    67.11  23.8373 0.785146    -0.47 -0.598614 1.6079e-06
 31.2226    31.22        0   67.545  23.7827 0.785146   -0.435 -0.554037 1.61061e-06
 30.4375   30.435        0    67.94  23.7316 0.785146   -0.395 -0.503091 1.61336e-06
 29.6524    29.65        0    68.29  23.6843 0.785146    -0.35 -0.445777 1.61617e-06
 28.8672   28.865        0   68.595  23.6411 0.785146   -0.305 -0.388463 1.61903e-06
 28.0821    28.08        0    68.85  23.6024 0.785146   -0.255 -0.32478 1.62194e-06
 27.2969   27.295        0   69.045  23.5686 0.785146   -0.195 -0.248361 1.6249e-06
 26.5118    26.51        0   69.175  23.5399 0.785146    -0.13 -0.165574 1.62791e-06
 25.7266   25.725        0   69.225  23.5169 0.785146    -0.05 -0.0636824 1.63097e-06
 24.1602    24.16        0   69.065  23.4899   1.5664     0.16 0.102145 1.63717e-06
 22.5938    22.59        0    68.45  23.4913   1.5664    0.615 0.392621 1.64349e-06
 21.8126    21.81        0   67.925  23.5042 0.785146    0.525 0.668665 1.64665e-06
 21.0274   21.025        0   67.215  23.5262 0.785146     0.71  0.90429 1.64982e-06
 20.2423    20.24        0   66.275   23.558 0.785146     0.94  1.19723 1.65298e-06
 19.8517    19.85        0    65.71  23.5777 0.394521    0.565  1.43211 1.65453e-06
 19.4571   19.455        0   65.055  23.6005 0.394521    0.655  1.66024 1.65609e-06
 19.0626    19.06        0    64.31  23.6262 0.394521    0.745  1.88836 1.65763e-06
 18.6681   18.665        0    63.46  23.6549 0.394521     0.85  2.15451 1.65916e-06
 18.2736    18.27        0    62.49  23.6868 0.394521     0.97  2.45867 1.66067e-06
 18.0783   18.075        0   61.955  23.7038 0.199209    0.535  2.68562 1.6614e-06
 17.8791   17.875        0    61.37  23.7221 0.199209    0.585  2.93661 1.66215e-06
 17.6798   17.675        0    60.74  23.7412 0.199209     0.63  3.16251 1.66289e-06
 17.4806    17.48        0   60.075  23.7607 0.199209    0.665   3.3382 1.66359e-06
 17.2814    17.28        0    59.34  23.7817 0.199209    0.735  3.68959 1.66432e-06
 17.0822    17.08        0   58.545  23.8036 0.199209    0.795  3.99078 1.66503e-06
  16.883    16.88        0   57.675  23.8264 0.199209     0.87  4.36727 1.66573e-06
 16.6838    16.68        0   56.725  23.8503 0.199209     0.95  4.76886 1.66642e-06
 16.5861   16.585        0    56.24   23.862 0.101553    0.485  4.77584 1.66675e-06
 16.4846    16.48        0    55.68  23.8751 0.101553     0.56  5.51438 1.66711e-06
  16.383    16.38        0   55.115  23.8879 0.101553    0.565  5.56361 1.66745e-06
 16.2815    16.28        0    54.52   23.901 0.101553    0.595  5.85902 1.66778e-06
 16.1799   16.175        0   53.855   23.915 0.101553    0.665  6.54832 1.66813e-06
 16.0784   16.075        0   53.185  23.9286 0.101553     0.67  6.59756 1.66846e-06
 15.9768   15.975        0   52.475  23.9425 0.101553     0.71  6.99144 1.66878e-06
 15.8753   15.875        0   51.715  23.9566 0.101553     0.76   7.4838 1.66911e-06
 15.7737    15.77        0    50.86  23.9718 0.101553    0.855  8.41927 1.66944e-06
 15.6722    15.67        0    49.98  23.9865 0.101553     0.88  8.66545 1.66975e-06
 15.5706    15.57        0   49.035  24.0015 0.101553    0.945  9.30551 1.67006e-06
 15.5218    15.52        0    48.53  24.0091 0.0527246    0.505  9.57807 1.67022e-06
 15.4691   15.465        0    47.95  24.0175 0.0527246     0.58  11.0006 1.67039e-06
 15.4163   15.415        0   47.395  24.0253 0.0527246    0.555  10.5264 1.67054e-06
 15.3636    15.36        0   46.755  24.0339 0.0527246     0.64  12.1385 1.67071e-06
 15.3109    15.31        0   46.145  24.0418 0.0527246     0.61  11.5695 1.67086e-06
 15.2582   15.255        0   45.435  24.0506 0.0527246     0.71  13.4662 1.67103e-06
 15.2054   15.205        0    44.75  24.0586 0.0527246    0.685   12.992 1.67117e-06
 15.1527    15.15        0    43.96  24.0676 0.0527246     0.79  14.9835 1.67134e-06
    15.1   15.095        0   43.115  24.0766 0.0527246    0.845  16.0267 1.6715e-06
 15.0473   15.045        0   42.305  24.0849 0.0527246     0.81  15.3628 1.67164e-06
 14.9945    14.99        0    41.36  24.0941 0.0527246    0.945  17.9233 1.6718e-06
 14.9418    14.94        0   40.445  24.1025 0.0527246    0.915  17.3543 1.67195e-06
 14.9174   14.915        0    39.97  24.1068 0.0283105    0.475  16.7782 1.67202e-06
 14.8891   14.885        0   39.385  24.1119 0.0283105    0.585  20.6637 1.67211e-06
 14.8608    14.86        0   38.885  24.1162 0.0283105      0.5  17.6613 1.67218e-06
 14.8325    14.83        0    38.27  24.1214 0.0283105    0.615  21.7234 1.67226e-06
 14.8042     14.8        0   37.645  24.1266 0.0283105    0.625  22.0766 1.67234e-06
 14.7758   14.775        0   37.115   24.131 0.0283105     0.53  18.7209 1.67241e-06
 14.7475   14.745        0    36.47  24.1362 0.0283105    0.645   22.783 1.6725e-06
 14.7192   14.715        0    35.82  24.1415 0.0283105     0.65  22.9596 1.67258e-06
 14.6909    14.69        0   35.275  24.1459 0.0283105    0.545  19.2508 1.67265e-06
 14.6626    14.66        0   34.625  24.1513 0.0283105     0.65  22.9596 1.67273e-06
 14.6343    14.63        0    33.98  24.1566 0.0283105    0.645   22.783 1.67282e-06
  14.606   14.605        0    33.45  24.1611 0.0283105     0.53  18.7209 1.67288e-06
 14.5777   14.575        0    32.82  24.1665 0.0283105     0.63  22.2532 1.67297e-06
 14.5494   14.545        0    32.21   24.172 0.0283105     0.61  21.5467 1.67305e-06
 14.5211    14.52        0   31.715  24.1765 0.0283105    0.495  17.4846 1.67311e-06
 14.4927    14.49        0    31.14   24.182 0.0283105    0.575  20.3105 1.67319e-06
 14.4644    14.46        0    30.58  24.1875 0.0283105     0.56  19.7806 1.67327e-06
 14.4361   14.435        0    30.13  24.1922 0.0283105     0.45  15.8951 1.67334e-06
 14.4078   14.405        0    29.61  24.1977 0.0283105     0.52  18.3677 1.67342e-06
 14.3795   14.375        0    29.11  24.2033 0.0283105      0.5  17.6613 1.6735e-06
 14.3512    14.35        0   28.705   24.208 0.0283105    0.405  14.3056 1.67356e-06
 14.3229    14.32        0    28.24  24.2137 0.0283105    0.465   16.425 1.67364e-06
 14.2946    14.29        0   27.795  24.2194 0.0283105    0.445  15.7185 1.67372e-06
 14.2663   14.265        0    27.44  24.2241 0.0283105    0.355  12.5395 1.67378e-06
 14.2379   14.235        0   27.025  24.2299 0.0283105    0.415  14.6588 1.67386e-06
 14.2096   14.205        0   26.625  24.2356 0.0283105      0.4   14.129 1.67394e-06
 14.1813    14.18        0   26.305  24.2405 0.0283105     0.32  11.3032 1.674e-06
  14.153    14.15        0    25.94  24.2463 0.0283105    0.365  12.8927 1.67408e-06
 14.1247    14.12        0    25.58  24.2521 0.0283105     0.36  12.7161 1.67415e-06
 14.0964   14.095        0   25.295   24.257 0.0283105    0.285  10.0669 1.67422e-06
 14.0681   14.065        0    24.96  24.2629 0.0283105    0.335   11.833 1.67429e-06
 14.0398   14.035        0    24.64  24.2689 0.0283105     0.32  11.3032 1.67437e-06
 14.0115    14.01        0    24.38  24.2738 0.0283105     0.26  9.18386 1.67442e-06
 13.9832    13.98        0    24.08  24.2798 0.0283105      0.3  10.5968 1.6745e-06
 13.9548    13.95        0    23.79  24.2858 0.0283105     0.29  10.2435 1.67457e-06
 13.9265   13.925        0   23.555  24.2909 0.0283105    0.235  8.30079 1.67463e-06
 13.8982   13.895        0    23.28   24.297 0.0283105    0.275  9.71369 1.67471e-06
 13.8699   13.865        0    23.01  24.3031 0.0283105     0.27  9.53708 1.67478e-06
 13.8416    13.84        0   22.795  24.3082 0.0283105    0.215  7.59434 1.67484e-06
 13.8133    13.81        0   22.545  24.3143 0.0283105     0.25  8.83063 1.67491e-06
  13.785    13.78        0     22.3  24.3205 0.0283105    0.245  8.65402 1.67498e-06
 13.7567   13.755        0     22.1  24.3257 0.0283105      0.2  7.06451 1.67504e-06
 13.7284   13.725        0   21.865   24.332 0.0283105    0.235  8.30079 1.67511e-06
    13.7     13.7        0   21.675  24.3372 0.0283105     0.19  6.71128 1.67517e-06
 13.6717    13.67        0   21.455  24.3435 0.0283105     0.22  7.77096 1.67523e-06
 13.6434    13.64        0    21.24  24.3498 0.0283105    0.215  7.59434 1.6753e-06
 13.6151   13.615        0   21.065  24.3551 0.0283105    0.175  6.18144 1.67536e-06
 13.5868   13.585        0   20.855  24.3615 0.0283105     0.21  7.41773 1.67543e-06
 13.5585   13.555        0   20.655  24.3679 0.0283105      0.2  7.06451 1.67549e-06
 13.5302    13.53        0    20.49  24.3733 0.0283105    0.165  5.82822 1.67555e-06
 13.5019     13.5        0     20.3  24.3798 0.0283105     0.19  6.71128 1.67562e-06
 13.4736    13.47        0    20.11  24.3863 0.0283105     0.19  6.71128 1.67568e-06
 13.4453   13.445        0   19.955  24.3917 0.0283105    0.155  5.47499 1.67574e-06
 13.4169   13.415        0   19.775  24.3983 0.0283105     0.18  6.35805 1.6758e-06
 13.3886   13.385        0     19.6  24.4049 0.0283105    0.175  6.18144 1.67587e-06
 13.3603    13.36        0   19.455  24.4104 0.0283105    0.145  5.12177 1.67592e-06
  13.332    13.33        0   19.285  24.4171 0.0283105     0.17  6.00483 1.67598e-06
 13.3037     13.3        0    19.12  24.4238 0.0283105    0.165  5.82822 1.67605e-06
 13.2754   13.275        0    18.98  24.4294 0.0283105     0.14  4.94515 1.6761e-06
 13.2471   13.245        0    18.82  24.4361 0.0283105     0.16   5.6516 1.67616e-06
 13.2188   13.215        0   18.665  24.4429 0.0283105    0.155  5.47499 1.67622e-06
 13.1905    13.19        0   18.535  24.4486 0.0283105     0.13  4.59193 1.67628e-06
 13.1621    13.16        0    18.38  24.4554 0.0283105    0.155  5.47499 1.67634e-06
 13.1338    13.13        0    18.23  24.4623 0.0283105     0.15  5.29838 1.6764e-06
 13.1055   13.105        0    18.11  24.4681 0.0283105     0.12   4.2387 1.67645e-06
 13.0772   13.075        0   17.965   24.475 0.0283105    0.145  5.12177 1.67651e-06
 13.0489   13.045        0   17.825   24.482 0.0283105     0.14  4.94515 1.67657e-06
 13.0206    13.02        0   17.705  24.4878 0.0283105     0.12   4.2387 1.67662e-06
 12.9923    12.99        0    17.57  24.4948 0.0283105    0.135  4.76854 1.67667e-06
  12.964    12.96        0   17.435  24.5019 0.0283105    0.135  4.76854 1.67674e-06
 12.9357   12.935        0   17.325  24.5078 0.0283105     0.11  3.88548 1.67678e-06
 12.9074   12.905        0   17.195  24.5149 0.0283105     0.13  4.59193 1.67684e-06
  12.879   12.875        0   17.065  24.5221 0.0283105     0.13  4.59193 1.67689e-06
 12.8507    12.85        0    16.96  24.5281 0.0283105    0.105  3.70887 1.67694e-06
 12.8224    12.82        0   16.835  24.5353 0.0283105    0.125  4.41532 1.677e-06
 12.7941    12.79        0    16.71  24.5425 0.0283105    0.125  4.41532 1.67705e-06
 12.7658   12.765        0    16.61  24.5486 0.0283105      0.1  3.53225 1.6771e-06
 12.7131    12.71        0    16.39   24.562 0.0527246     0.22  4.17262 1.6772e-06
 12.6604    12.66        0   16.195  24.5743 0.0527246    0.195  3.69846 1.67728e-06
 12.6076   12.605        0    15.99   24.588 0.0527246    0.205  3.88813 1.67739e-06
 12.5549    12.55        0    15.79  24.6017 0.0527246      0.2   3.7933 1.67748e-06
 12.5022     12.5        0    15.61  24.6144 0.0527246     0.18  3.41397 1.67756e-06
 12.4495   12.445        0   15.415  24.6283 0.0527246    0.195  3.69846 1.67765e-06
 12.3967   12.395        0   15.245  24.6412 0.0527246     0.17   3.2243 1.67773e-06
  12.344    12.34        0   15.065  24.6554 0.0527246     0.18  3.41397 1.67782e-06
 12.2913    12.29        0     14.9  24.6684 0.0527246    0.165  3.12947 1.6779e-06
 12.2386   12.235        0   14.725  24.6828 0.0527246    0.175  3.31913 1.67798e-06
 12.1858   12.185        0    14.57  24.6961 0.0527246    0.155   2.9398 1.67806e-06
 12.1331    12.13        0     14.4  24.7107 0.0527246     0.17   3.2243 1.67814e-06
 12.0804    12.08        0    14.25  24.7242 0.0527246     0.15  2.84497 1.67821e-06
 12.0277   12.025        0    14.09  24.7391 0.0527246     0.16  3.03464 1.67829e-06
 11.9749    11.97        0    13.93  24.7541 0.0527246     0.16  3.03464 1.67837e-06
 11.9222    11.92        0    13.79  24.7678 0.0527246     0.14  2.65531 1.67843e-06
 11.8695   11.865        0    13.64  24.7831 0.0527246     0.15  2.84497 1.67851e-06
 11.8168   11.815        0   13.505  24.7971 0.0527246    0.135  2.56047 1.67857e-06
  11.764    11.76        0    13.36  24.8126 0.0527246    0.145  2.75014 1.67864e-06
 11.7113    11.71        0    13.23  24.8268 0.0527246     0.13  2.46564 1.6787e-06
 11.6586   11.655        0    13.09  24.8425 0.0527246     0.14  2.65531 1.67877e-06
 11.6059   11.605        0   12.965  24.8569 0.0527246    0.125  2.37081 1.67883e-06
 11.5531    11.55        0    12.83  24.8729 0.0527246    0.135  2.56047 1.67889e-06
 11.5004     11.5        0    12.71  24.8875 0.0527246     0.12  2.27598 1.67894e-06
 11.4477   11.445        0    12.58  24.9038 0.0527246     0.13  2.46564 1.679e-06
  11.395    11.39        0    12.45  24.9201 0.0527246     0.13  2.46564 1.67906e-06
 11.3422    11.34        0   12.335  24.9351 0.0527246    0.115  2.18114 1.67911e-06
 11.2895   11.285        0    12.21  24.9517 0.0527246    0.125  2.37081 1.67917e-06
 11.2368   11.235        0     12.1  24.9669 0.0527246     0.11  2.08631 1.67922e-06
 11.1841    11.18        0    11.98  24.9838 0.0527246     0.12  2.27598 1.67926e-06
 11.1313    11.13        0   11.875  24.9992 0.0527246    0.105  1.99148 1.67931e-06
 11.0786   11.075        0    11.76  25.0164 0.0527246    0.115  2.18114 1.67936e-06
 11.0259   11.025        0   11.655   25.032 0.0527246    0.105  1.99148 1.6794e-06
 10.9732    10.97        0    11.54  25.0494 0.0527246    0.115  2.18114 1.67944e-06
 10.9204    10.92        0    11.44  25.0653 0.0527246      0.1  1.89665 1.67948e-06
 10.8189   10.815        0   11.235  25.0991 0.101553    0.205  2.01866 1.67956e-06
 10.7173   10.715        0   11.045  25.1318 0.101553     0.19  1.87095 1.67963e-06
 10.6158   10.615        0    10.86  25.1649 0.101553    0.185  1.82171 1.67969e-06
 10.5142    10.51        0    10.67  25.2003 0.101553     0.19  1.87095 1.67975e-06
 10.4127    10.41        0   10.495  25.2344 0.101553    0.175  1.72324 1.6798e-06
 10.3111    10.31        0    10.32   25.269 0.101553    0.175  1.72324 1.67985e-06
 10.2096   10.205        0   10.145  25.3059 0.101553    0.175  1.72324 1.67989e-06
  10.108   10.105        0    9.985  25.3415 0.101553     0.16  1.57554 1.67992e-06
 10.0065   10.005        0    9.825  25.3777 0.101553     0.16  1.57554 1.67996e-06
 9.90491      9.9        0    9.665  25.4162 0.101553     0.16  1.57554 1.67999e-06
 9.80336      9.8        0    9.515  25.4535 0.101553     0.15  1.47707 1.68001e-06
 9.70181      9.7        0    9.365  25.4912 0.101553     0.15  1.47707 1.68003e-06
 9.60025      9.6        0    9.225  25.5296 0.101553     0.14  1.37859 1.68004e-06
  9.4987    9.495        0    9.075  25.5705 0.101553     0.15  1.47707 1.68005e-06
 9.39715    9.395        0     8.94    25.61 0.101553    0.135  1.32936 1.68006e-06
  9.2956    9.295        0    8.805  25.6501 0.101553    0.135  1.32936 1.68006e-06
 9.19404     9.19        0    8.665  25.6929 0.101553     0.14  1.37859 1.68006e-06
 9.09249     9.09        0    8.535  25.7343 0.101553     0.13  1.28012 1.68006e-06
 8.99094     8.99        0     8.41  25.7763 0.101553    0.125  1.23089 1.68005e-06
 8.88938    8.885        0    8.275  25.8212 0.101553    0.135  1.32936 1.68005e-06
 8.78783    8.785        0    8.155  25.8646 0.101553     0.12  1.18165 1.68004e-06
 8.68628    8.685        0    8.035  25.9087 0.101553     0.12  1.18165 1.68003e-06
 8.58473     8.58        0     7.91  25.9559 0.101553    0.125  1.23089 1.68002e-06
 8.48317     8.48        0    7.795  26.0016 0.101553    0.115  1.13242 1.68001e-06
 8.38162     8.38        0     7.68   26.048 0.101553    0.115  1.13242 1.68e-06
 8.28007     8.28        0     7.57  26.0953 0.101553     0.11  1.08318 1.67999e-06
 8.17852    8.175        0     7.45  26.1459 0.101553     0.12  1.18165 1.67998e-06
 8.07696    8.075        0    7.345   26.195 0.101553    0.105  1.03395 1.67997e-06
 7.97541    7.975        0    7.235  26.2451 0.101553     0.11  1.08318 1.67997e-06
 7.87386     7.87        0    7.125  26.2987 0.101553     0.11  1.08318 1.67997e-06
  7.7723     7.77        0     7.02  26.3508 0.101553    0.105  1.03395 1.67997e-06
 7.67075     7.67        0    6.915   26.404 0.101553    0.105  1.03395 1.67998e-06
  7.5692    7.565        0    6.805  26.4612 0.101553     0.11  1.08318 1.67999e-06
 7.46765    7.465        0    6.705  26.5169 0.101553      0.1  0.98471 1.68001e-06
 7.36609    7.365        0      6.6  26.5739 0.101553    0.105  1.03395 1.68004e-06
 7.26454     7.26        0    6.495  26.6352 0.101553    0.105  1.03395 1.68007e-06
 7.16299     7.16        0    6.395  26.6952 0.101553      0.1  0.98471 1.68011e-06
 7.06144     7.06        0    6.295  26.7567 0.101553      0.1  0.98471 1.68016e-06
 6.95988    6.955        0    6.195  26.8231 0.101553      0.1  0.98471 1.68022e-06
 6.85833    6.855        0    6.095  26.8881 0.101553      0.1  0.98471 1.68028e-06
 6.75678    6.755        0    5.995  26.9551 0.101553      0.1  0.98471 1.68036e-06
 6.65522    6.655        0      5.9  27.0242 0.101553    0.095 0.935475 1.68045e-06
 6.45602    6.455        0    5.705  27.1691 0.199209    0.195 0.978872 1.68066e-06
 6.25681    6.255        0     5.51  27.3244 0.199209    0.195 0.978872 1.68092e-06
  6.0576    6.055        0    5.315  27.4915 0.199209    0.195 0.978872 1.68125e-06
 5.85839    5.855        0     5.12  27.6726 0.199209    0.195 0.978872 1.68164e-06
 5.65918    5.655        0    4.925  27.8699 0.199209    0.195 0.978872 1.68209e-06
 5.45997    5.455        0     4.73  28.0864 0.199209    0.195 0.978872 1.68262e-06
 5.26076     5.26        0     4.54   28.319 0.199209     0.19 0.953772 1.6832e-06
 5.06155     5.06        0    4.345  28.5837 0.199209    0.195 0.978872 1.68388e-06
 4.86234     4.86        0     4.15  28.8793 0.199209    0.195 0.978872 1.68463e-06
 4.66313     4.66        0     3.96  29.2116 0.199209     0.19 0.953772 1.68546e-06
 4.46393     4.46        0     3.77   29.587 0.199209     0.19 0.953772 1.68636e-06
 4.26472     4.26        0     3.59  30.0131 0.199209     0.18 0.903574 1.68735e-06
 4.06551    4.065        0     3.42  30.4856 0.199209     0.17 0.853375 1.68839e-06
  3.8663    3.865        0    3.255  31.0385 0.199209    0.165 0.828276 1.68955e-06
 3.66709    3.665        0      3.1  31.6714 0.199209    0.155 0.778077 1.79517e-06
 3.46788    3.465        0    2.965  32.3961 0.199209    0.135  0.67768 7.94255e-06
 3.26867    3.265        0     2.85   33.225 0.199209    0.115 0.577283 3.57015e-05
 3.06946    3.065        0     2.76  34.1699 0.199209     0.09 0.451787 0.000162621
 2.67494     2.67        0    2.685  36.4142 0.394521    0.075 0.190104 0.0033398
 2.28432     2.28        0     2.91  39.0918 0.394521   -0.225 -0.570311 0.0665362
   2.089    2.085        0    3.905  40.3893 0.199209   -0.995 -4.99475 0.261199
 2.04407     2.04        0      4.7  40.6315 0.0527246   -0.795 -15.0783 0.319777
 2.01966    2.015        0     5.48  40.7504 0.0283105    -0.78 -27.5516 0.340302
 2.00745    2.005        0     5.92  40.7936 0.0161035    -0.44 -27.3232 0.344343
 1.99135     1.99        0      6.9  40.7936 0.0161035    -0.98 -60.8563 0.345515
 1.98524    1.985        0    7.325  40.7936     0.01   -0.425    -42.5 0.345515
 1.97524    1.975        0    8.365  40.7936     0.01    -1.04     -104 0.345515
 1.96524    1.965        0     9.74  40.7936     0.01   -1.375   -137.5 0.345515
 1.95524    1.955        0    11.59  40.7936     0.01    -1.85     -185 0.345515
 1.94524    1.945        0    14.19  40.7936     0.01     -2.6     -260 0.345515
 1.93524    1.935        0    18.41  40.7936     0.01    -4.22     -422 0.345515
 1.92524    1.925        0  114.565  40.7936     0.01  -96.155  -9615.5 0.345515
 1.91524    1.915        0  124.535  40.7936     0.01    -9.97     -997 0.345515
 1.90524    1.905        0   132.45  40.7936     0.01   -7.915   -791.5 0.345515
 1.89524    1.895        0   139.03  40.7936     0.01    -6.58     -658 0.345515
 1.88524    1.885        0   144.64  40.7936     0.01    -5.61     -561 0.345515
 1.87524    1.875        0   149.51  40.7936     0.01    -4.87     -487 0.345515
 1.86524    1.865        0  153.805  40.7934     0.01   -4.295   -429.5 0.345515
 1.85524    1.855        0   157.62  40.7931     0.01   -3.815   -381.5 0.345515
 1.84524    1.845        0   161.05  40.7927     0.01    -3.43     -343 0.345515
 1.83524    1.835        0   164.15  40.7921     0.01     -3.1     -310 0.345515
 1.82524    1.825        0   166.97  40.7913     0.01    -2.82     -282 0.345515
 1.81524    1.815        0  169.555  40.7904     0.01   -2.585   -258.5 0.345515
 1.80524    1.805        0  171.925  40.7893     0.01    -2.37     -237 0.345515
 1.79524    1.795        0  174.115   40.788     0.01    -2.19     -219 0.345515
 1.78524    1.785        0  176.145  40.7866     0.01    -2.03     -203 0.345515
 1.77524    1.775        0   178.03  40.7849     0.01   -1.885   -188.5 0.345515
 1.76524    1.765        0   179.79   40.783     0.01    -1.76     -176 0.345515
 1.75524    1.755        0   181.44  40.7809     0.01    -1.65     -165 0.345515
 1.74524    1.745        0  182.985  40.7786     0.01   -1.545   -154.5 0.345515
 1.73524    1.735        0  184.435   40.776     0.01    -1.45     -145 0.345515
 1.72524    1.725        0  185.805  40.7732     0.01    -1.37     -137 0.345515
 1.71524    1.715        0    187.1  40.7701     0.01   -1.295   -129.5 0.345515
 1.70524    1.705        0   188.33  40.7668     0.01    -1.23     -123 0.345515
 1.69524    1.695        0  189.495  40.7632     0.01   -1.165   -116.5 0.345515
 1.68524    1.685        0  190.605  40.7594     0.01    -1.11     -111 0.345515
 1.67524    1.675        0  191.665  40.7552     0.01    -1.06     -106 0.345515
 1.66524    1.665        0   192.68  40.7507     0.01   -1.015   -101.5 0.345515
 1.65524    1.655        0   193.65   40.746     0.01    -0.97      -97 0.345515
 1.64524    1.645        0  194.585  40.7409     0.01   -0.935    -93.5 0.345515
 1.63524    1.635        0  195.485  40.7354     0.01     -0.9      -90 0.345515
 1.62524    1.625        0   196.35  40.7297     0.01   -0.865    -86.5 0.345515
 1.61524    1.615        0   197.19  40.7235     0.01    -0.84      -84 0.345515
 1.60524    1.605        0      198   40.717     0.01    -0.81      -81 0.345515
 1.59524    1.595        0  198.785  40.7102     0.01   -0.785    -78.5 0.345515
 1.58524    1.585        0   199.55  40.7029     0.01   -0.765    -76.5 0.345515
 1.57524    1.575        0  200.295  40.6952     0.01   -0.745    -74.5 0.345515
 1.56524    1.565        0   201.02  40.6871     0.01   -0.725    -72.5 0.345515
 1.55524    1.555        0  201.725  40.6786     0.01   -0.705    -70.5 0.345515
 1.54524    1.545        0  202.415  40.6697     0.01    -0.69      -69 0.345515
 1.53524    1.535        0   203.09  40.6603     0.01   -0.675    -67.5 0.345515
 1.52524    1.525        0  203.755  40.6504     0.01   -0.665    -66.5 0.345515
 1.51524    1.515        0  204.405    40.64     0.01    -0.65      -65 0.345515
 1.50524    1.505        0   205.04  40.6292     0.01   -0.635    -63.5 0.345515
 1.49524    1.495        0   205.67  40.6178     0.01    -0.63      -63 0.345515
 1.48524    1.485        0  206.285  40.6059     0.01   -0.615    -61.5 0.345515
 1.47524    1.475        0  206.895  40.5935     0.01    -0.61      -61 0.345515
 1.46524    1.465        0  207.495  40.5805     0.01     -0.6      -60 0.345515
 1.45524    1.455        0  208.085  40.5669     0.01    -0.59      -59 0.345515
 1.44524    1.445        0   208.67  40.5527     0.01   -0.585    -58.5 0.345515
 1.43524    1.435        0  209.245   40.538     0.01   -0.575    -57.5 0.345515
 1.42524    1.425        0   209.82  40.5226     0.01   -0.575    -57.5 0.345515
 1.41524    1.415        0  210.385  40.5066     0.01   -0.565    -56.5 0.345515
 1.40524    1.405        0  210.945  40.4899     0.01    -0.56      -56 0.345515
 1.39524    1.395        0    211.5  40.4726     0.01   -0.555    -55.5 0.345515
 1.38524    1.385        0   212.05  40.4546     0.01    -0.55      -55 0.345515
 1.37524    1.375        0    212.6  40.4358     0.01    -0.55      -55 0.345515
 1.36524    1.365        0   213.14  40.4164     0.01    -0.54      -54 0.345515
 1.35524    1.355        0   213.68  40.3962     0.01    -0.54      -54 0.345515
 1.34524    1.345        0   214.22  40.3752     0.01    -0.54      -54 0.345515
 1.33524    1.335        0  214.755  40.3535     0.01   -0.535    -53.5 0.345515
 1.32524    1.325        0  215.285  40.3309     0.01    -0.53      -53 0.345515
 1.31524    1.315        0  215.815  40.3076     0.01    -0.53      -53 0.345515
 1.30524    1.305        0   216.34  40.2834     0.01   -0.525    -52.5 0.345515
 1.29524    1.295        0  216.865  40.2583     0.01   -0.525    -52.5 0.345515
 1.28524    1.285        0   217.39  40.2324     0.01   -0.525    -52.5 0.345515
 1.27524    1.275        0   217.91  40.2055     0.01    -0.52      -52 0.345515
 1.26524    1.265        0   218.43  40.1778     0.01    -0.52      -52 0.345515
 1.25524    1.255        0   218.95  40.1491     0.01    -0.52      -52 0.345515
 1.24524    1.245        0   219.47  40.1194     0.01    -0.52      -52 0.345515
 1.23524    1.235        0  219.985  40.0888     0.01   -0.515    -51.5 0.345515
 1.22524    1.225        0  220.505  40.0571     0.01    -0.52      -52 0.345515
 1.21524    1.215        0   221.02  40.0244     0.01   -0.515    -51.5 0.345515
 1.20524    1.205        0  221.535  39.9907     0.01   -0.515    -51.5 0.345515
 1.19524    1.195        0   222.05  39.9559     0.01   -0.515    -51.5 0.345515
 1.18524    1.185        0  222.565    39.92     0.01   -0.515    -51.5 0.345515
 1.17524    1.175        0   223.08  39.8829     0.01   -0.515    -51.5 0.345515
 1.16524    1.165        0   223.59  39.8447     0.01    -0.51      -51 0.345515
 1.15524    1.155        0  224.105  39.8054     0.01   -0.515    -51.5 0.345515
 1.14524    1.145        0   224.62  39.7649     0.01   -0.515    -51.5 0.345515
 1.13524    1.135        0  225.135  39.7231     0.01   -0.515    -51.5 0.345515
 1.12524    1.125        0   225.65  39.6801     0.01   -0.515    -51.5 0.345515
 1.11524    1.115        0  226.165  39.6358     0.01   -0.515    -51.5 0.345515
 1.10524    1.105        0   226.68  39.5903     0.01   -0.515    -51.5 0.345515
 1.09524    1.095        0  227.195  39.5434     0.01   -0.515    -51.5 0.345515
 1.08524    1.085        0  227.715  39.4952     0.01    -0.52      -52 0.345515
 1.07524    1.075        0   228.23  39.4456     0.01   -0.515    -51.5 0.345515
 1.06524    1.065        0   228.75  39.3946     0.01    -0.52      -52 0.345515
 1.05524    1.055        0  229.265  39.3422     0.01   -0.515    -51.5 0.345515
 1.04524    1.045        0  229.785  39.2884     0.01    -0.52      -52 0.345515
 1.03524    1.035        0  230.305  39.2331     0.01    -0.52      -52 0.345515
 1.02524    1.025        0  230.825  39.1763     0.01    -0.52      -52 0.345515
 1.01524    1.015        0   231.35  39.1179     0.01   -0.525    -52.5 0.345515
 1.00524    1.005        0   231.87  39.0581     0.01    -0.52      -52 0.345515
0.995244    0.995        0  232.395  38.9966     0.01   -0.525    -52.5 0.345515
0.985244    0.985        0   232.92  38.9335     0.01   -0.525    -52.5 0.345515
0.975244    0.975        0  233.445  38.8688     0.01   -0.525    -52.5 0.345515
0.965244    0.965        0  233.975  38.8025     0.01    -0.53      -53 0.345515
0.955244    0.955        0    234.5  38.7344     0.01   -0.525    -52.5 0.345515
0.945244    0.945        0   235.03  38.6647     0.01    -0.53      -53 0.345515
0.935244    0.935        0   235.56  38.5932     0.01    -0.53      -53 0.345515
0.925244    0.925        0  236.095  38.5199     0.01   -0.535    -53.5 0.345515
0.915244    0.915        0  236.625  38.4448     0.01    -0.53      -53 0.345515
0.905244    0.905        0   237.16  38.3679     0.01   -0.535    -53.5 0.345515
0.895244    0.895        0    237.7  38.2892     0.01    -0.54      -54 0.345515
0.885244    0.885        0  238.235  38.2085     0.01   -0.535    -53.5 0.345515
0.875244    0.875        0  238.775   38.126     0.01    -0.54      -54 0.345515
0.865244    0.865        0  239.315  38.0415     0.01    -0.54      -54 0.345515
0.855244    0.855        0  239.855  37.9551     0.01    -0.54      -54 0.345515
0.845244    0.845        0    240.4  37.8666     0.01   -0.545    -54.5 0.345515
0.835244    0.835        0  240.945  37.7761     0.01   -0.545    -54.5 0.345515
0.825244    0.825        0   241.49  37.6836     0.01   -0.545    -54.5 0.345515
0.815244    0.815        0   242.04   37.589     0.01    -0.55      -55 0.345515
0.805244    0.805        0   242.59  37.4922     0.01    -0.55      -55 0.345515
0.795244    0.795        0  243.145  37.3933     0.01   -0.555    -55.5 0.345515
0.785244    0.785        0    243.7  37.2922     0.01   -0.555    -55.5 0.345515
0.775244    0.775        0  244.255  37.1889     0.01   -0.555    -55.5 0.345515
0.765244    0.765        0   244.81  37.0834     0.01   -0.555    -55.5 0.345515
0.755244    0.755        0   245.37  36.9755     0.01    -0.56      -56 0.345515
0.745244    0.745        0  245.935  36.8654     0.01   -0.565    -56.5 0.345515
0.735244    0.735        0  246.495  36.7529     0.01    -0.56      -56 0.345515
0.725244    0.725        0  247.065   36.638     0.01    -0.57      -57 0.345515
0.715244    0.715        0   247.63  36.5206     0.01   -0.565    -56.5 0.345515
0.705244    0.705        0    248.2  36.4008     0.01    -0.57      -57 0.345515
0.695244    0.695        0  248.775  36.2785     0.01   -0.575    -57.5 0.345515
0.685244    0.685        0   249.35  36.1536     0.01   -0.575    -57.5 0.345515
0.675244    0.675        0  249.925  36.0261     0.01   -0.575    -57.5 0.345515
0.665244    0.665        0  250.505  35.8959     0.01    -0.58      -58 0.345515
0.655244    0.655        0   251.09  35.7631     0.01   -0.585    -58.5 0.345515
0.645244    0.645        0  251.675  35.6274     0.01   -0.585    -58.5 0.345515
0.635244    0.635        0  252.265   35.489     0.01    -0.59      -59 0.345515
0.625244    0.625        0  252.855  35.3476     0.01    -0.59      -59 0.345515
0.615244    0.615        0  253.445  35.2033     0.01    -0.59      -59 0.345515
0.605244    0.605        0   254.04   35.056     0.01   -0.595    -59.5 0.345515
0.595244    0.595        0   254.64  34.9056     0.01     -0.6      -60 0.345515
0.585244    0.585        0  255.245   34.752     0.01   -0.605    -60.5 0.345515
0.575244    0.575        0   255.85  34.5951     0.01   -0.605    -60.5 0.345515
0.565244    0.565        0  256.455  34.4349     0.01   -0.605    -60.5 0.345515
0.555244    0.555        0   257.07  34.2712     0.01   -0.615    -61.5 0.345515
0.545244    0.545        0  257.685  34.1039     0.01   -0.615    -61.5 0.345515
0.535244    0.535        0  258.305  33.9328     0.01    -0.62      -62 0.345515
0.525244    0.525        0  258.925   33.758     0.01    -0.62      -62 0.345515
0.515244    0.515        0  259.555  33.5791     0.01    -0.63      -63 0.345515
0.505244    0.505        0  260.185  33.3961     0.01    -0.63      -63 0.345515
0.495244    0.495        0   260.82  33.2088     0.01   -0.635    -63.5 0.345515
0.485244    0.485        0  261.455  33.0169     0.01   -0.635    -63.5 0.345515
0.475244    0.475        0    262.1  32.8204     0.01   -0.645    -64.5 0.345515
0.465244    0.465        0   262.75  32.6205     0.01    -0.65      -65 0.345515
0.455244    0.455        0    263.4   32.421     0.01    -0.65      -65 0.345515
0.445244    0.445        0   264.05   32.222     0.01    -0.65      -65 0.345515
0.435244    0.435        0   264.71  32.0234     0.01    -0.66      -66 0.345515
0.425244    0.425        0   265.37  31.8253     0.01    -0.66      -66 0.345515
0.415244    0.415        0   266.06   31.628     0.01    -0.69      -69 0.345515
0.405244    0.405        0   266.77  31.4312     0.01    -0.71      -71 0.345515
0.395244    0.395        0  267.485   31.235     0.01   -0.715    -71.5 0.345515
0.385244    0.385        0  268.205  31.0394     0.01    -0.72      -72 0.345515
0.375244    0.375        0  268.925  30.8444     0.01    -0.72      -72 0.345515
0.365244    0.365        0  269.645  30.6504     0.01    -0.72      -72 0.345515
0.355244    0.355        0  270.375   30.457     0.01    -0.73      -73 0.345515
0.345244    0.345        0  271.105  30.2644     0.01    -0.73      -73 0.345515
0.335244    0.335        0   271.84  30.0726     0.01   -0.735    -73.5 0.345515
0.325244    0.325        0  272.575  29.8818     0.01   -0.735    -73.5 0.345515
0.315244    0.315        0   273.32   29.692     0.01   -0.745    -74.5 0.345515
0.305244    0.305        0  274.065  29.5031     0.01   -0.745    -74.5 0.345515
0.295244    0.295        0   274.81  29.3152     0.01   -0.745    -74.5 0.345515
0.285244    0.285        0  275.565  29.1285     0.01   -0.755    -75.5 0.345515
0.275244    0.275        0  276.325  28.9431     0.01    -0.76      -76 0.345515
0.265244    0.265        0  277.085  28.7589     0.01    -0.76      -76 0.345515
0.255244    0.255        0   277.85  28.5759     0.01   -0.765    -76.5 0.345515
0.245244    0.245        0   278.62  28.3945     0.01    -0.77      -77 0.345515
0.235244    0.235        0  279.395  28.2146     0.01   -0.775    -77.5 0.345515
0.225244    0.225        0  280.175  28.0363     0.01    -0.78      -78 0.345515
0.215244    0.215        0  280.965  27.8597     0.01    -0.79      -79 0.345515
0.205244    0.205        0  281.755   27.685     0.01    -0.79      -79 0.345515
0.195244    0.195        0   282.55  27.5123     0.01   -0.795    -79.5 0.345515
0.185244    0.185        0  283.355  27.3416     0.01   -0.805    -80.5 0.345515
0.175244    0.175        0   284.16  27.1731     0.01   -0.805    -80.5 0.345515
0.165244    0.165        0  284.975  27.0071     0.01   -0.815    -81.5 0.345515
0.155244    0.155        0  285.795  26.8436     0.01    -0.82      -82 0.345515
0.145244    0.145        0  286.625  26.6827     0.01    -0.83      -83 0.345515
0.135244    0.135        0  287.455  26.5247     0.01    -0.83      -83 0.345515
0.125244    0.125        0    288.3  26.3699     0.01   -0.845    -84.5 0.345515
0.115244    0.115        0  289.145  26.2183     0.01   -0.845    -84.5 0.345515
0.105244    0.105        0  290.005  26.0701     0.01    -0.86      -86 0.345515
0.0952441    0.095        0  290.865  25.9257     0.01    -0.86      -86 0.345515
0.0852441    0.085        0   291.74  25.7853     0.01   -0.875    -87.5 0.345515
0.0752441    0.075        0   292.62  25.6491     0.01    -0.88      -88 0.345515
0.0652441    0.065        0  293.515  25.5174     0.01   -0.895    -89.5 0.345515
0.0552441    0.055        0  294.415  25.3905     0.01     -0.9      -90 0.345515
0.0452441    0.045        0  295.325  25.2688     0.01    -0.91      -91 0.345515
0.0352441    0.035        0  296.245  25.1525     0.01    -0.92      -92 0.345515
0.0252441    0.025        0  297.175   25.042     0.01    -0.93      -93 0.345515
0.0152441    0.015        0   298.12  24.9378     0.01   -0.945    -94.5 0.345515
0.00524414    0.005        0  299.075  24.8401     0.01   -0.955    -95.5 0.345515
