# S1-S2 restitution for CRN98 workman_am cell. Adaptive step
# step: step in S2 interval
# delta: Difference in S2 APD from previous S2.
# d/dt: rate of change of S2 APD
#     S2 S1 APD90       DI S2 APD90    Vpeak     step    delta     d/dt  INa act
    1000  143.355  856.645   142.83    24.88      100    0.755  0.00755  0.35683
     900  143.355  756.645   141.96  24.8649      100     0.87   0.0087 0.356638
     850  143.355  706.645   141.46  24.8639       50      0.5     0.01 0.356663
     800  143.355  656.645  140.915  24.8626       50    0.545   0.0109 0.356625
     750  143.355  606.645   140.31  24.8606       50    0.605   0.0121 0.356574
     700  143.355  556.645   139.64   24.846       50     0.67   0.0134 0.356427
     650  143.355  506.645  138.875  24.8435       50    0.765   0.0153 0.356334
     600  143.355  456.645   137.99  24.8278       50    0.885   0.0177 0.356148
     575  143.355  431.645   137.49   24.826       25      0.5     0.02 0.356096
     550  143.355  406.645   136.95  24.8111       25     0.54   0.0216 0.355928
     525  143.355  381.645   136.35   24.809       25      0.6    0.024  0.35582
     500  143.355  356.645    135.7  24.7933       25     0.65    0.026 0.355658
     475  143.355  331.645  134.975  24.7906       25    0.725    0.029 0.355574
     450  143.355  306.645  134.175  24.7744       25      0.8    0.032 0.355292
     425  143.355  281.645   133.28  24.7574       25    0.895   0.0358 0.355073
   412.5  143.355  269.145   132.79  24.7554     12.5     0.49   0.0392 0.354982
     400  143.355  256.645  132.275  24.7527     12.5    0.515   0.0412 0.354972
   387.5  143.355  244.145   131.73  24.7374     12.5    0.545   0.0436 0.354665
     375  143.355  231.645   131.15  24.7343     12.5     0.58   0.0464 0.354656
   362.5  143.355  219.145   130.54  24.7183     12.5     0.61   0.0488 0.354353
     350  143.355  206.645   129.89  24.7012     12.5     0.65    0.052 0.354102
   337.5  143.355  194.145  129.195  24.6969     12.5    0.695   0.0556 0.354003
     325  143.355  181.645   128.46  24.6777     12.5    0.735   0.0588 0.353615
   312.5  143.355  169.145  127.675   24.669     12.5    0.785   0.0628 0.353464
     300  143.355  156.645  126.845  24.6434     12.5     0.83   0.0664 0.353063
   287.5  143.355  144.145  125.955  24.6095     12.5     0.89   0.0712 0.352505
     275  143.355  131.645  125.015  24.5606     12.5     0.94   0.0752 0.351717
  268.75  143.355  125.395   124.52  24.5333     6.25    0.495   0.0792  0.35129
   262.5  143.355  119.145   124.01  24.4841     6.25     0.51   0.0816 0.350537
  256.25  143.355  112.895  123.485  24.4351     6.25    0.525    0.084 0.349847
     250  143.355  106.645   122.95  24.3562     6.25    0.535   0.0856 0.348651
  243.75  143.355  100.395  122.395  24.2672     6.25    0.555   0.0888 0.347456
   237.5  143.355   94.145  121.825  24.1335     6.25     0.57   0.0912 0.345542
  231.25  143.355   87.895   121.24  23.9703     6.25    0.585   0.0936 0.343338
     225  143.355   81.645   120.65  23.7357     6.25     0.59   0.0944 0.340184
  218.75  143.355   75.395   120.04  23.4356     6.25     0.61   0.0976 0.336153
   212.5  143.355   69.145  119.415  23.0279     6.25    0.625      0.1  0.33077
  206.25  143.355   62.895   118.78  22.4611     6.25    0.635   0.1016 0.323463
     200  143.355   56.645  118.115  21.7066     6.25    0.665   0.1064 0.313948
  193.75  143.355   50.395  117.395  20.6743     6.25     0.72   0.1152  0.30117
 190.625  143.355    47.27  116.975  20.0209    3.125     0.42   0.1344 0.293259
   187.5  143.355   44.145   116.01  19.2522    3.125    0.965   0.3088 0.284157
 184.375  143.355    41.02  115.695  18.3454    3.125    0.315   0.1008 0.273565
  181.25  143.355   37.895   115.38  17.2604    3.125    0.315   0.1008 0.261267
 178.125  143.355    34.77   115.05  15.9858    3.125     0.33   0.1056 0.247219
     175  143.355   31.645  114.705   14.467    3.125    0.345   0.1104 0.231031
 171.875  143.355    28.52  114.325  12.6423    3.125     0.38   0.1216 0.212384
  168.75  143.355   25.395   113.88  10.4776    3.125    0.445   0.1424 0.191356
 165.625  143.355    22.27   113.31  7.89281    3.125     0.57   0.1824 0.167838
   162.5  143.355   19.145  112.525  4.84799    3.125    0.785   0.2512 0.142282
 160.938  143.355    17.58      112  3.13499   1.5625    0.525    0.336 0.128938
 159.375  143.355    16.02  111.345  1.30391   1.5625    0.655   0.4192  0.11548
 157.812  143.355   14.455   110.52 -0.654916   1.5625    0.825    0.528 0.102036
 157.031  143.355   13.675  110.025 -1.67954  0.78125    0.495   0.6336 0.095388
  156.25  143.355   12.895   109.47 -2.73217  0.78125    0.555   0.7104 0.0888427
 155.469  143.355    12.11   108.84 -3.81006  0.78125     0.63   0.8064 0.0824361
 154.688  143.355    11.33  108.135 -4.91465  0.78125    0.705   0.9024 0.0761759
 153.906  143.355    10.55   107.34 -6.04248  0.78125    0.795   1.0176 0.0701015
 153.125  143.355     9.77  106.445 -7.19132  0.78125    0.895   1.1456 0.0642516
 152.734  143.355    9.375   105.95 -7.78405 0.390625    0.495   1.2672 0.0613603
 152.344  143.355    8.985  105.435 -8.36604 0.390625    0.515   1.3184 0.0586056
 151.953  143.355    8.595   104.89  -8.9593 0.390625    0.545   1.3952 0.0558872
 151.562  143.355    8.205   104.31 -9.55595 0.390625     0.58   1.4848 0.0532394
 151.172  143.355    7.815  103.705 -10.1481 0.390625    0.605   1.5488 0.0506959
 150.781  143.355    7.425  103.065 -10.7499 0.390625     0.64   1.6384 0.0481974
 150.391  143.355    7.035   102.39 -11.3535 0.390625    0.675    1.728 0.0457773
     150  143.355    6.645  101.685 -11.9582 0.390625    0.705   1.8048 0.0434372
 149.609  143.355     6.25   100.94 -12.5642 0.390625    0.745   1.9072 0.0411761
 149.219  143.355     5.86   100.16 -13.1692 0.390625     0.78   1.9968 0.0390023
 148.828  143.355     5.47   99.355 -13.7733 0.390625    0.805   2.0608 0.0369111
 148.438  143.355     5.08    98.51 -14.3756 0.390625    0.845   2.1632 0.034904
 148.047  143.355     4.69   97.635 -14.9752 0.390625    0.875     2.24 0.0329812
 147.656  143.355      4.3    96.73 -15.5712 0.390625    0.905   2.3168 0.0311423
 147.266  143.355     3.91   95.795 -16.1625 0.390625    0.935   2.3936 0.0293858
 146.875  143.355     3.52    94.83 -16.7481 0.390625    0.965   2.4704 0.0277111
 146.484  143.355    3.125    93.83 -17.3342 0.390625        1     2.56 0.0260972
 146.289  143.355     2.93   93.325 -17.6236 0.195312    0.505   2.5856 0.0253234
 146.094  143.355    2.735   92.815 -17.9108 0.195312     0.51   2.6112 0.024568
 145.898  143.355     2.54   92.305 -18.1897 0.195312     0.51   2.6112 0.0238477
 145.703  143.355    2.345   91.785  -18.472 0.195312     0.52   2.6624 0.023131
 145.508  143.355     2.15    91.27 -18.7459 0.195312    0.515   2.6368 0.0224471
 145.312  143.355    1.955   90.745 -19.0227 0.195312    0.525    2.688 0.0217678
 145.117  143.355     1.76   90.215 -19.2964 0.195312     0.53   2.7136 0.0211068
 144.922  143.355    1.565   89.695 -19.5614 0.195312     0.52   2.6624 0.0204759
 144.727  143.355     1.37    89.16 -19.8286 0.195312    0.535   2.7392 0.0198497
 144.531  143.355    1.175   88.625 -20.0923 0.195312    0.535   2.7392 0.0192414
 144.336  143.355     0.98    88.09 -20.3522 0.195312    0.535   2.7392 0.0186494
 144.141  143.355    0.785   87.565  -20.603 0.195312    0.525    2.688 0.0180844
 143.945  143.355     0.59    87.03  -20.855 0.195312    0.535   2.7392 0.017525
  143.75  143.355    0.395     86.5 -21.1028 0.195312     0.53   2.7136 0.0169807
 143.555  143.355    0.195   85.955 -21.3522 0.195312    0.545   2.7904 0.0164389
 143.359  143.355        0   85.435  -21.586 0.195312     0.52   2.6624 0.0159349
 143.164   143.16        0    84.91   -21.82 0.195312    0.525    2.688 0.0154356
 142.969  142.965        0   84.385 -22.0491 0.195312    0.525    2.688 0.0149508
 142.773   142.77        0   83.865 -22.2733 0.195312     0.52   2.6624 0.0144797
 142.578  142.575        0   83.355 -22.4922 0.195312     0.51   2.6112 0.0140216
 142.383   142.38        0   82.855 -22.7013 0.195312      0.5     2.56 0.0135852
 142.188  142.185        0    82.35 -22.9095 0.195312    0.505   2.5856 0.0131531
 141.992   141.99        0   81.855 -23.1121 0.195312    0.495   2.5344 0.0127333
 141.797  141.795        0   81.365  -23.309 0.195312     0.49   2.5088 0.012326
 141.602    141.6        0   80.885 -23.5001 0.195312     0.48   2.4576 0.0119301
 141.406  141.405        0    80.41 -23.6852 0.195312    0.475    2.432 0.0115458
 141.211   141.21        0    79.94 -23.8644 0.195312     0.47   2.4064 0.0111728
 141.016  141.015        0    79.48 -24.0374 0.195312     0.46   2.3552 0.0108101
  140.82   140.82        0    79.04 -24.2004 0.195312     0.44   2.2528 0.0104645
 140.625  140.625        0   78.595  -24.361 0.195312    0.445   2.2784 0.0101227
  140.43  140.425        0   78.155 -24.5192 0.195312     0.44   2.2528 0.0097827
 140.234   140.23        0    77.73  -24.667 0.195312    0.425    2.176 0.00946102
 140.039  140.035        0    77.32 -24.8084 0.195312     0.41   2.0992 0.00914841
 139.844   139.84        0   76.915 -24.9434 0.195312    0.405   2.0736 0.00884551
 139.648  139.645        0   76.525 -25.0719 0.195312     0.39   1.9968 0.00855117
 139.453   139.45        0   76.145 -25.1939 0.195312     0.38   1.9456 0.00826569
 139.258  139.255        0    75.77 -25.3095 0.195312    0.375     1.92 0.00798864
 139.062   139.06        0    75.41 -25.4187 0.195312     0.36   1.8432 0.00771969
 138.867  138.865        0    75.06 -25.5214 0.195312     0.35    1.792 0.00745898
 138.672   138.67        0   74.715 -25.6205 0.195312    0.345   1.7664 0.00720174
 138.477  138.475        0   74.385 -25.7103 0.195312     0.33   1.6896 0.00695665
 138.281   138.28        0    74.07 -25.7938 0.195312    0.315   1.6128 0.00671857
 138.086  138.085        0   73.765 -25.8709 0.195312    0.305   1.5616 0.00648794
 137.891   137.89        0   73.465 -25.9419 0.195312      0.3    1.536 0.00626409
 137.695  137.695        0    73.18 -26.0066 0.195312    0.285   1.4592 0.00604715
   137.5    137.5        0    72.91 -26.0653 0.195312     0.27   1.3824 0.00583677
 137.305    137.3        0    72.64 -26.1192 0.195312     0.27   1.3824 0.00562773
 137.109  137.105        0   72.385 -26.1657 0.195312    0.255   1.3056 0.00543027
 136.914   136.91        0    72.14 -26.2085 0.195312    0.245   1.2544 0.0052359
 136.719  136.715        0   71.905 -26.2434 0.195312    0.235   1.2032 0.00505062
 136.523   136.52        0   71.685 -26.2725 0.195312     0.22   1.1264 0.00487088
 136.328  136.325        0   71.475 -26.2961 0.195312     0.21   1.0752 0.00469701
 136.133   136.13        0   71.275 -26.3142 0.195312      0.2    1.024 0.0045283
 135.938  135.935        0    71.08 -26.3269 0.195312    0.195   0.9984 0.00436521
 135.742   135.74        0   70.895 -26.3361 0.195312    0.185   0.9472 0.00420471
 135.547  135.545        0   70.725 -26.3384 0.195312     0.17   0.8704 0.00405199
 135.352   135.35        0    70.56 -26.3355 0.195312    0.165   0.8448 0.00390449
 135.156  135.155        0    70.41 -26.3278 0.195312     0.15    0.768 0.00376206
 134.961   134.96        0    70.26 -26.3167 0.195312     0.15    0.768 0.00362258
 134.766  134.765        0   70.125 -26.2993 0.195312    0.135   0.6912 0.0034899
  134.57   134.57        0       70 -26.2774 0.195312    0.125     0.64 0.0033618
 134.375  134.375        0    69.88  -26.251 0.195312     0.12   0.6144 0.00323815
  134.18  134.175        0   69.765 -26.2206 0.195312    0.115   0.5888 0.00311418
 133.984   133.98        0   69.665 -26.1853 0.195312      0.1    0.512 0.00299924
 133.594   133.59        0   69.485 -26.1026 0.390625     0.18   0.4608 0.00278126
 133.203    133.2        0   69.335 -26.0053 0.390625     0.15    0.384 0.00257698
 132.812   132.81        0    69.21  -25.893 0.390625    0.125     0.32 0.00238708
 132.422   132.42        0   69.115 -25.7658 0.390625    0.095   0.2432 0.00221171
 131.641   131.64        0       69 -25.4746  0.78125    0.115   0.1472 0.00189515
 130.859  130.855        0    68.97 -25.1341  0.78125     0.03   0.0384 0.00162151
 129.297  129.295        0   69.135 -24.3434   1.5625   -0.165  -0.1056 0.00118516
 127.734   127.73        0   69.515 -23.4305   1.5625    -0.38  -0.2432 0.000862151
 126.172   126.17        0   70.025 -22.4354   1.5625    -0.51  -0.3264 0.000625262
 124.609  124.605        0   70.615  -21.402   1.5625    -0.59  -0.3776 0.000451754
 123.047  123.045        0   71.215 -20.3556   1.5625     -0.6   -0.384 0.000325683
 121.484   121.48        0   71.785 -19.2968   1.5625    -0.57  -0.3648 0.00023368
 119.922   119.92        0    72.29 -18.2386   1.5625   -0.505  -0.3232 0.000167402
 118.359  118.355        0   72.705 -17.1796   1.5625   -0.415  -0.2656 0.000119395
 116.797  116.795        0   73.015 -16.1311   1.5625    -0.31  -0.1984 8.49363e-05
 115.234   115.23        0    73.21 -15.0896   1.5625   -0.195  -0.1248 6.01122e-05
 113.672   113.67        0    73.28 -14.0646   1.5625    -0.07  -0.0448 4.2419e-05
 110.547  110.545        0   73.065  -12.058    3.125    0.215   0.0688 2.07222e-05
 107.422   107.42        0   72.405 -10.1211    3.125     0.66   0.2112 9.81633e-06
 105.859  105.855        0   71.925 -9.17867   1.5625     0.48   0.3072 6.64265e-06
 104.297  104.295        0    71.36 -8.25777   1.5625    0.565   0.3616 4.44072e-06
 102.734   102.73        0   70.715 -7.35248   1.5625    0.645   0.4128 2.91207e-06
 101.172   101.17        0       70 -6.46845   1.5625    0.715   0.4576 1.86842e-06
 99.6094   99.605        0   69.225 -5.59977   1.5625    0.775    0.496 1.16073e-06
 98.0469   98.045        0     68.4 -4.75169   1.5625    0.825    0.528 8.0472e-07
 96.4844    96.48        0   67.525 -3.91845   1.5625    0.875     0.56 8.01575e-07
 94.9219    94.92        0   66.615 -3.10499   1.5625     0.91   0.5824 7.98619e-07
 93.3594   93.355        0    65.67 -2.30573   1.5625    0.945   0.6048 7.95819e-07
 91.7969   91.795        0     64.7 -1.52536   1.5625     0.97   0.6208 7.93185e-07
 90.2344    90.23        0   63.705 -0.758468   1.5625    0.995   0.6368 7.90709e-07
 89.4531    89.45        0   63.205 -0.382098  0.78125      0.5     0.64 7.89547e-07
 88.6719    88.67        0     62.7 -0.00955301  0.78125    0.505   0.6464 7.88414e-07
 87.8906    87.89        0    62.19 0.359222  0.78125     0.51   0.6528 7.87328e-07
 87.1094   87.105        0   61.675 0.726611  0.78125    0.515   0.6592 7.8627e-07
 86.3281   86.325        0   61.165  1.08799  0.78125     0.51   0.6528 7.85266e-07
 85.5469   85.545        0    60.65  1.44576  0.78125    0.515   0.6592 7.84296e-07
 84.7656   84.765        0   60.135  1.79999  0.78125    0.515   0.6592 7.83361e-07
 83.9844    83.98        0    59.61  2.15295  0.78125    0.525    0.672 7.82458e-07
 83.2031     83.2        0   59.095  2.50022  0.78125    0.515   0.6592 7.81596e-07
 82.4219    82.42        0   58.575   2.8441  0.78125     0.52   0.6656 7.8077e-07
 81.6406    81.64        0   58.055  3.18465  0.78125     0.52   0.6656 7.79999e-07
 80.8594   80.855        0   57.535  3.52407  0.78125     0.52   0.6656 7.79231e-07
 80.0781   80.075        0   57.015   3.8581  0.78125     0.52   0.6656 7.7852e-07
 79.2969   79.295        0   56.495  4.18896  0.78125     0.52   0.6656 7.77832e-07
 78.5156   78.515        0    55.98   4.5167  0.78125    0.515   0.6592 7.77184e-07
 77.7344    77.73        0    55.46  4.84345  0.78125     0.52   0.6656 7.76573e-07
 76.9531    76.95        0   54.945  5.16511  0.78125    0.515   0.6592 7.75988e-07
 76.1719    76.17        0    54.43  5.48381  0.78125    0.515   0.6592 7.75426e-07
 75.3906    75.39        0   53.915  5.79962  0.78125    0.515   0.6592 7.74903e-07
 74.6094   74.605        0     53.4  6.11458  0.78125    0.515   0.6592 7.74403e-07
 73.8281   73.825        0   52.895  6.42473  0.78125    0.505   0.6464 7.73944e-07
 73.0469   73.045        0   52.385  6.73215  0.78125     0.51   0.6528 7.73508e-07
 72.2656   72.265        0    51.88  7.03688  0.78125    0.505   0.6464 7.73095e-07
 71.4844    71.48        0   51.375  7.34091  0.78125    0.505   0.6464 7.72702e-07
 70.7031     70.7        0    50.87  7.64042  0.78125    0.505   0.6464 7.72332e-07
 69.9219    69.92        0    50.37  7.93741  0.78125      0.5     0.64 7.71999e-07
 69.1406    69.14        0   49.875  8.23193  0.78125    0.495   0.6336 7.71673e-07
 68.3594   68.355        0   49.375   8.5259  0.78125      0.5     0.64 7.71387e-07
 67.5781   67.575        0   48.885  8.81562  0.78125     0.49   0.6272 7.7111e-07
 66.7969   66.795        0   48.395  9.10304  0.78125     0.49   0.6272 7.70876e-07
 66.0156   66.015        0   47.905  9.38819  0.78125     0.49   0.6272 7.70649e-07
 65.2344    65.23        0   47.415  9.67294  0.78125     0.49   0.6272 7.70466e-07
 64.4531    64.45        0    46.93  9.95372  0.78125    0.485   0.6208 7.70292e-07
 63.6719    63.67        0    46.45  10.2324  0.78125     0.48   0.6144 7.7016e-07
 62.8906    62.89        0    45.97   10.509  0.78125     0.48   0.6144 7.70038e-07
 62.1094   62.105        0    45.49  10.7854  0.78125     0.48   0.6144 7.69942e-07
 61.3281   61.325        0    45.01   11.058  0.78125     0.48   0.6144 7.69872e-07
 60.5469   60.545        0    44.54  11.3287  0.78125     0.47   0.6016 7.69828e-07
 59.7656   59.765        0   44.065  11.5976  0.78125    0.475    0.608 7.69811e-07
 58.9844    58.98        0   43.595  11.8664  0.78125     0.47   0.6016 7.69805e-07
 58.2031     58.2        0   43.125  12.1317  0.78125     0.47   0.6016 7.69841e-07
 57.4219    57.42        0    42.66  12.3954  0.78125    0.465   0.5952 7.69887e-07
 56.6406    56.64        0   42.195  12.6573  0.78125    0.465   0.5952 7.69943e-07
 55.8594   55.855        0    41.73  12.9194  0.78125    0.465   0.5952 7.70046e-07
 55.0781   55.075        0    41.27  13.1782  0.78125     0.46   0.5888 7.70157e-07
 54.2969   54.295        0    40.81  13.4355  0.78125     0.46   0.5888 7.70296e-07
 53.5156   53.515        0    40.35  13.6914  0.78125     0.46   0.5888 7.70464e-07
 52.7344    52.73        0    39.89  13.9475  0.78125     0.46   0.5888 7.70645e-07
 51.9531    51.95        0   39.435  14.2006  0.78125    0.455   0.5824 7.7087e-07
 51.1719    51.17        0   38.975  14.4525  0.78125     0.46   0.5888 7.71106e-07
 50.3906    50.39        0    38.52  14.7031  0.78125    0.455   0.5824 7.71355e-07
 49.6094   49.605        0   38.065  14.9542  0.78125    0.455   0.5824 7.71638e-07
 48.8281   48.825        0    37.61  15.2025  0.78125    0.455   0.5824 7.71947e-07
 48.0469   48.045        0   37.155  15.4498  0.78125    0.455   0.5824 7.72286e-07
 47.2656   47.265        0     36.7  15.6961  0.78125    0.455   0.5824 7.7264e-07
 46.4844    46.48        0   36.245  15.9431  0.78125    0.455   0.5824 7.73031e-07
 45.7031     45.7        0    35.79  16.1876  0.78125    0.455   0.5824 7.73449e-07
 44.9219    44.92        0   35.335  16.4313  0.78125    0.455   0.5824 7.73882e-07
 44.1406    44.14        0    34.88  16.6743  0.78125    0.455   0.5824 7.74347e-07
 43.3594   43.355        0    34.42  16.9183  0.78125     0.46   0.5888 7.74834e-07
 42.5781   42.575        0    33.96  17.1601  0.78125     0.46   0.5888 7.75349e-07
 41.7969   41.795        0     33.5  17.4014  0.78125     0.46   0.5888 7.75899e-07
 41.0156   41.015        0   33.035  17.6424  0.78125    0.465   0.5952 7.76484e-07
 40.2344    40.23        0    32.57  17.8847  0.78125    0.465   0.5952 7.77095e-07
 39.4531    39.45        0     32.1  18.1252  0.78125     0.47   0.6016 7.77737e-07
 38.6719    38.67        0    31.63  18.3656  0.78125     0.47   0.6016 7.784e-07
 37.8906    37.89        0   31.155  18.6061  0.78125    0.475    0.608 7.79102e-07
 37.1094   37.105        0   30.675  18.8484  0.78125     0.48   0.6144 7.79851e-07
 36.3281   36.325        0    30.19  19.0894  0.78125    0.485   0.6208 7.80619e-07
 35.5469   35.545        0     29.7  19.3309  0.78125     0.49   0.6272 7.81429e-07
 34.7656   34.765        0    29.21  19.5731  0.78125     0.49   0.6272 7.82282e-07
 33.9844    33.98        0   28.705  19.8176  0.78125    0.505   0.6464 7.83173e-07
 33.2031     33.2        0     28.2  20.0616  0.78125    0.505   0.6464 7.84101e-07
 32.4219    32.42        0    27.69  20.3068  0.78125     0.51   0.6528 7.85059e-07
 31.6406    31.64        0   27.165  20.5534  0.78125    0.525    0.672 7.86138e-07
 30.8594   30.855        0    26.63  20.8033  0.78125    0.535   0.6848 7.87397e-07
 30.0781   30.075        0   26.095  21.0536  0.78125    0.535   0.6848 7.88528e-07
 29.2969   29.295        0    25.55  21.3062  0.78125    0.545   0.6976 7.89678e-07
 28.5156   28.515        0   24.995  21.5613  0.78125    0.555   0.7104 7.90875e-07
 27.7344    27.73        0   24.425   21.821  0.78125     0.57   0.7296 7.92118e-07
 26.9531    26.95        0   23.845  22.0825  0.78125     0.58   0.7424 7.93404e-07
 26.1719    26.17        0   23.255  22.3477  0.78125     0.59   0.7552 7.94744e-07
 25.3906    25.39        0   22.655  22.6173  0.78125      0.6    0.768 7.96142e-07
 24.6094   24.605        0   22.035  22.8934  0.78125     0.62   0.7936 7.97593e-07
 23.8281   23.825        0    21.41  23.1732  0.78125    0.625      0.8 7.99089e-07
 23.0469   23.045        0    20.77  23.4592  0.78125     0.64   0.8192 8.00643e-07
 22.2656   22.265        0   20.115   23.752  0.78125    0.655   0.8384 8.02238e-07
 21.4844    21.48        0   19.445  24.0545  0.78125     0.67   0.8576 8.03904e-07
 20.7031     20.7        0   18.765  24.3637  0.78125     0.68   0.8704 8.05612e-07
 19.9219    19.92        0   18.075  24.6827  0.78125     0.69   0.8832 8.07356e-07
 19.1406    19.14        0    17.37  25.0127  0.78125    0.705   0.9024 8.09151e-07
 18.3594   18.355        0   16.655  25.3572  0.78125    0.715   0.9152 8.11007e-07
 17.5781   17.575        0    15.94  25.7134  0.78125    0.715   0.9152 8.12873e-07
 16.7969   16.795        0   15.215  26.0852  0.78125    0.725    0.928 8.1476e-07
 16.0156   16.015        0    14.49  26.4746  0.78125    0.725    0.928 8.16676e-07
 15.2344    15.23        0   13.755  26.8867  0.78125    0.735   0.9408 8.18615e-07
 14.4531    14.45        0   13.035  27.3189  0.78125     0.72   0.9216 8.20538e-07
 13.6719    13.67        0   12.315  27.7769  0.78125     0.72   0.9216 8.22472e-07
 12.8906    12.89        0    11.61  28.2647  0.78125    0.705   0.9024 8.24379e-07
 12.1094   12.105        0   10.905  28.7903  0.78125    0.705   0.9024 8.26277e-07
 11.3281   11.325        0    10.22  29.3531  0.78125    0.685   0.8768 8.2817e-07
 10.5469   10.545        0    9.545  29.9641  0.78125    0.675    0.864 8.30042e-07
 9.76562    9.765        0    8.885  30.6339  0.78125     0.66   0.8448 8.31936e-07
 8.98438     8.98        0     8.23  31.3821  0.78125    0.655   0.8384 8.33914e-07
 8.20312      8.2        0    7.585  32.2204  0.78125    0.645   0.8256 8.35991e-07
 7.42188     7.42        0     6.94  33.1845  0.78125    0.645   0.8256 8.38274e-07
 6.64062     6.64        0     6.29  34.3211  0.78125     0.65    0.832 8.40886e-07
 5.85938    5.855        0     5.64   35.711  0.78125     0.65    0.832 8.43962e-07
 5.07812    5.075        0    5.005  37.4451  0.78125    0.635   0.8128 8.47602e-07
 4.29688    4.295        0     4.41  39.6937  0.78125    0.595   0.7616 8.51939e-07
 3.51562    3.515        0    3.945  42.6836  0.78125    0.465   0.5952 2.26104e-05
 2.73438     2.73        0     3.83  46.6716  0.78125    0.115   0.1472 0.00923913
 2.53906    2.535        0     4.01  47.7766 0.195312    -0.18  -0.9216 0.0412875
 2.34375     2.34        0     4.89  48.7444 0.195312    -0.88  -4.5056 0.176534
 2.29492     2.29        0    5.565  48.9169 0.0488281   -0.675  -13.824  0.24439
 2.27051     2.27        0     5.98  48.9702 0.0244141   -0.415 -16.9984 0.273705
 2.24609    2.245        0      6.7   49.021 0.0244141    -0.72 -29.4912 0.308794
 2.23389     2.23        0    7.295   49.042 0.012207   -0.595 -48.7424 0.327221
 2.22168     2.22        0     7.78  49.0516 0.012207   -0.485 -39.7312  0.33766
 2.20947    2.205        0    8.715  49.0588 0.012207   -0.935 -76.5952 0.349595
 2.19727    2.195        0     9.51  49.0586 0.012207   -0.795 -65.1264  0.35455
 2.18506    2.185        0   10.495   49.054 0.012207   -0.985 -80.6912 0.356761
 2.17896    2.175        0    11.73  49.0451     0.01   -1.235   -123.5 0.356773
 2.16896    2.165        0   13.275  49.0315     0.01   -1.545   -154.5  0.35677
 2.15896    2.155        0    15.21  49.0134     0.01   -1.935   -193.5 0.356757
 2.14896    2.145        0   17.605  48.9908     0.01   -2.395   -239.5  0.35673
 2.13896    2.135        0    20.52  48.9637     0.01   -2.915   -291.5 0.356689
 2.12896    2.125        0   23.965  48.9326     0.01   -3.445   -344.5 0.356633
 2.11896    2.115        0    27.85  48.8976     0.01   -3.885   -388.5 0.356562
 2.10896    2.105        0    31.99  48.8591     0.01    -4.14     -414 0.356478
 2.09896    2.095        0   36.175  48.8177     0.01   -4.185   -418.5 0.356384
 2.08896    2.085        0    40.21  48.7737     0.01   -4.035   -403.5 0.356282
 2.07896    2.075        0   43.995  48.7276     0.01   -3.785   -378.5 0.356174
 2.06896    2.065        0   47.485  48.6797     0.01    -3.49     -349 0.356061
 2.05896    2.055        0    50.67  48.6305     0.01   -3.185   -318.5 0.355944
 2.04896    2.045        0   53.555  48.5803     0.01   -2.885   -288.5 0.355821
 2.03896    2.035        0    56.17  48.5294     0.01   -2.615   -261.5 0.355774
 2.02896    2.025        0    58.53   48.478     0.01    -2.36     -236 0.355756
 2.01896    2.015        0    60.66  48.4265     0.01    -2.13     -213 0.355734
 2.00896    2.005        0    62.58  48.3749     0.01    -1.92     -192 0.355702
 1.99896    1.995        0    64.69  48.3097     0.01    -2.11     -211 0.355702
 1.98896    1.985        0   66.625  48.2443     0.01   -1.935   -193.5 0.355702
 1.97896    1.975        0     68.4  48.1786     0.01   -1.775   -177.5 0.355702
 1.96896    1.965        0    70.03  48.1126     0.01    -1.63     -163 0.355702
 1.95896    1.955        0    71.53  48.0464     0.01     -1.5     -150 0.355702
 1.94896    1.945        0    72.92  47.9799     0.01    -1.39     -139 0.355702
 1.93896    1.935        0    74.21  47.9131     0.01    -1.29     -129 0.355702
 1.92896    1.925        0   75.405  47.8461     0.01   -1.195   -119.5 0.355702
 1.91896    1.915        0   76.515  47.7787     0.01    -1.11     -111 0.355702
 1.90896    1.905        0    77.55  47.7111     0.01   -1.035   -103.5 0.355702
 1.89896    1.895        0   78.525  47.6431     0.01   -0.975    -97.5 0.355702
 1.88896    1.885        0   79.435  47.5749     0.01    -0.91      -91 0.355702
 1.87896    1.875        0    80.29  47.5063     0.01   -0.855    -85.5 0.355702
 1.86896    1.865        0   81.095  47.4374     0.01   -0.805    -80.5 0.355702
 1.85896    1.855        0   81.855  47.3682     0.01    -0.76      -76 0.355702
 1.84896    1.845        0    82.58  47.2987     0.01   -0.725    -72.5 0.355702
 1.83896    1.835        0   83.265  47.2288     0.01   -0.685    -68.5 0.355702
 1.82896    1.825        0   83.915  47.1586     0.01    -0.65      -65 0.355702
 1.81896    1.815        0    84.54  47.0881     0.01   -0.625    -62.5 0.355702
 1.80896    1.805        0   85.135  47.0172     0.01   -0.595    -59.5 0.355702
 1.79896    1.795        0   85.705  46.9459     0.01    -0.57      -57 0.355702
 1.78896    1.785        0    86.25  46.8743     0.01   -0.545    -54.5 0.355702
 1.77896    1.775        0   86.775  46.8023     0.01   -0.525    -52.5 0.355702
 1.76896    1.765        0   87.285  46.7299     0.01    -0.51      -51 0.355702
 1.75896    1.755        0   87.775  46.6571     0.01    -0.49      -49 0.355702
 1.74896    1.745        0   88.245  46.5839     0.01    -0.47      -47 0.355702
 1.73896    1.735        0   88.705  46.5103     0.01    -0.46      -46 0.355702
 1.72896    1.725        0    89.15  46.4363     0.01   -0.445    -44.5 0.355702
 1.71896    1.715        0   89.585  46.3619     0.01   -0.435    -43.5 0.355702
 1.70896    1.705        0   90.005  46.2871     0.01    -0.42      -42 0.355702
 1.69896    1.695        0   90.415  46.2118     0.01    -0.41      -41 0.355702
 1.68896    1.685        0    90.82  46.1361     0.01   -0.405    -40.5 0.355702
 1.67896    1.675        0    91.21  46.0599     0.01    -0.39      -39 0.355702
 1.66896    1.665        0   91.595  45.9833     0.01   -0.385    -38.5 0.355702
 1.65896    1.655        0    91.97  45.9062     0.01   -0.375    -37.5 0.355702
 1.64896    1.645        0    92.34  45.8286     0.01    -0.37      -37 0.355702
 1.63896    1.635        0     92.7  45.7506     0.01    -0.36      -36 0.355702
 1.62896    1.625        0    93.06   45.672     0.01    -0.36      -36 0.355702
 1.61896    1.615        0    93.41   45.593     0.01    -0.35      -35 0.355702
 1.60896    1.605        0   93.755  45.5134     0.01   -0.345    -34.5 0.355702
 1.59896    1.595        0   94.095  45.4333     0.01    -0.34      -34 0.355702
 1.58896    1.585        0   94.435  45.3527     0.01    -0.34      -34 0.355702
 1.57896    1.575        0   94.765  45.2715     0.01    -0.33      -33 0.355702
 1.56896    1.565        0   95.095  45.1898     0.01    -0.33      -33 0.355702
 1.55896    1.555        0    95.42  45.1075     0.01   -0.325    -32.5 0.355702
 1.54896    1.545        0    95.74  45.0247     0.01    -0.32      -32 0.355702
 1.53896    1.535        0    96.06  44.9412     0.01    -0.32      -32 0.355702
 1.52896    1.525        0    96.38  44.8572     0.01    -0.32      -32 0.355702
 1.51896    1.515        0    96.69  44.7726     0.01    -0.31      -31 0.355702
 1.50896    1.505        0   97.005  44.6873     0.01   -0.315    -31.5 0.355702
 1.49896    1.495        0    97.31  44.6015     0.01   -0.305    -30.5 0.355702
 1.48896    1.485        0    97.62   44.515     0.01    -0.31      -31 0.355702
 1.47896    1.475        0   97.925  44.4278     0.01   -0.305    -30.5 0.355702
 1.46896    1.465        0    98.23    44.34     0.01   -0.305    -30.5 0.355702
 1.45896    1.455        0    98.53  44.2516     0.01     -0.3      -30 0.355702
 1.44896    1.445        0    98.83  44.1624     0.01     -0.3      -30 0.355702
 1.43896    1.435        0    99.13  44.0726     0.01     -0.3      -30 0.355702
 1.42896    1.425        0    99.43   43.982     0.01     -0.3      -30 0.355702
 1.41896    1.415        0   99.725  43.8908     0.01   -0.295    -29.5 0.355702
 1.40896    1.405        0  100.025  43.7988     0.01     -0.3      -30 0.355702
 1.39896    1.395        0   100.32  43.7061     0.01   -0.295    -29.5 0.355702
 1.38896    1.385        0   100.61  43.6126     0.01    -0.29      -29 0.355702
 1.37896    1.375        0  100.905  43.5183     0.01   -0.295    -29.5 0.355702
 1.36896    1.365        0    101.2  43.4233     0.01   -0.295    -29.5 0.355702
 1.35896    1.355        0   101.49  43.3275     0.01    -0.29      -29 0.355702
 1.34896    1.345        0  101.785  43.2309     0.01   -0.295    -29.5 0.355702
 1.33896    1.335        0  102.075  43.1335     0.01    -0.29      -29 0.355702
 1.32896    1.325        0  102.365  43.0352     0.01    -0.29      -29 0.355702
 1.31896    1.315        0  102.655  42.9361     0.01    -0.29      -29 0.355702
 1.30896    1.305        0   102.95  42.8362     0.01   -0.295    -29.5 0.355702
 1.29896    1.295        0   103.24  42.7354     0.01    -0.29      -29 0.355702
 1.28896    1.285        0   103.53  42.6337     0.01    -0.29      -29 0.355702
 1.27896    1.275        0   103.82  42.5311     0.01    -0.29      -29 0.355702
 1.26896    1.265        0   104.11  42.4276     0.01    -0.29      -29 0.355702
 1.25896    1.255        0  104.395  42.3232     0.01   -0.285    -28.5 0.355702
 1.24896    1.245        0  104.685  42.2178     0.01    -0.29      -29 0.355702
 1.23896    1.235        0  104.975  42.1115     0.01    -0.29      -29 0.355702
 1.22896    1.225        0  105.265  42.0042     0.01    -0.29      -29 0.355702
 1.21896    1.215        0  105.555   41.896     0.01    -0.29      -29 0.355702
 1.20896    1.205        0  105.845  41.7867     0.01    -0.29      -29 0.355702
 1.19896    1.195        0  106.135  41.6765     0.01    -0.29      -29 0.355702
 1.18896    1.185        0  106.425  41.5652     0.01    -0.29      -29 0.355702
 1.17896    1.175        0  106.715  41.4529     0.01    -0.29      -29 0.355702
 1.16896    1.165        0  107.005  41.3396     0.01    -0.29      -29 0.355702
 1.15896    1.155        0  107.295  41.2251     0.01    -0.29      -29 0.355702
 1.14896    1.145        0  107.585  41.1096     0.01    -0.29      -29 0.355702
 1.13896    1.135        0  107.875   40.993     0.01    -0.29      -29 0.355702
 1.12896    1.125        0  108.165  40.8753     0.01    -0.29      -29 0.355702
 1.11896    1.115        0   108.46  40.7564     0.01   -0.295    -29.5 0.355702
 1.10896    1.105        0   108.75  40.6364     0.01    -0.29      -29 0.355702
 1.09896    1.095        0   109.04  40.5152     0.01    -0.29      -29 0.355702
 1.08896    1.085        0  109.335  40.3929     0.01   -0.295    -29.5 0.355702
 1.07896    1.075        0  109.625  40.2694     0.01    -0.29      -29 0.355702
 1.06896    1.065        0  109.915  40.1446     0.01    -0.29      -29 0.355702
 1.05896    1.055        0   110.21  40.0186     0.01   -0.295    -29.5 0.355702
 1.04896    1.045        0  110.505  39.8914     0.01   -0.295    -29.5 0.355702
 1.03896    1.035        0  110.795  39.7629     0.01    -0.29      -29 0.355702
 1.02896    1.025        0   111.09  39.6331     0.01   -0.295    -29.5 0.355702
 1.01896    1.015        0  111.385   39.502     0.01   -0.295    -29.5 0.355702
 1.00896    1.005        0   111.68  39.3696     0.01   -0.295    -29.5 0.355702
0.998955    0.995        0   111.97  39.2358     0.01    -0.29      -29 0.355702
0.988955    0.985        0  112.265  39.1006     0.01   -0.295    -29.5 0.355702
0.978955    0.975        0  112.565  38.9641     0.01     -0.3      -30 0.355702
0.968955    0.965        0   112.86  38.8262     0.01   -0.295    -29.5 0.355702
0.958955    0.955        0  113.155  38.6868     0.01   -0.295    -29.5 0.355702
0.948955    0.945        0   113.45  38.5459     0.01   -0.295    -29.5 0.355702
0.938955    0.935        0   113.75  38.4036     0.01     -0.3      -30 0.355702
0.928955    0.925        0  114.045  38.2597     0.01   -0.295    -29.5 0.355702
0.918955    0.915        0   114.34  38.1143     0.01   -0.295    -29.5 0.355702
0.908955    0.905        0   114.64  37.9673     0.01     -0.3      -30 0.355702
0.898955    0.895        0   114.94  37.8187     0.01     -0.3      -30 0.355702
0.888955    0.885        0   115.24  37.6684     0.01     -0.3      -30 0.355702
0.878955    0.875        0  115.535  37.5165     0.01   -0.295    -29.5 0.355702
0.868955    0.865        0  115.835  37.3628     0.01     -0.3      -30 0.355702
0.858955    0.855        0  116.135  37.2074     0.01     -0.3      -30 0.355702
0.848955    0.845        0   116.44  37.0501     0.01   -0.305    -30.5 0.355702
0.838955    0.835        0   116.74   36.891     0.01     -0.3      -30 0.355702
0.828955    0.825        0   117.04    36.73     0.01     -0.3      -30 0.355702
0.818955    0.815        0   117.34   36.567     0.01     -0.3      -30 0.355702
0.808955    0.805        0  117.645  36.4019     0.01   -0.305    -30.5 0.355702
0.798955    0.795        0   117.95  36.2348     0.01   -0.305    -30.5 0.355702
0.788955    0.785        0   118.25  36.0655     0.01     -0.3      -30 0.355702
0.778955    0.775        0  118.555  35.8939     0.01   -0.305    -30.5 0.355702
0.768955    0.765        0   118.86    35.72     0.01   -0.305    -30.5 0.355702
0.758955    0.755        0  119.165  35.5437     0.01   -0.305    -30.5 0.355702
0.748955    0.745        0   119.47  35.3648     0.01   -0.305    -30.5 0.355702
0.738955    0.735        0   119.78  35.1833     0.01    -0.31      -31 0.355702
0.728955    0.725        0  120.085  34.9991     0.01   -0.305    -30.5 0.355702
0.718955    0.715        0  120.395   34.812     0.01    -0.31      -31 0.355702
0.708955    0.705        0    120.7  34.6218     0.01   -0.305    -30.5 0.355702
0.698955    0.695        0   121.01  34.4285     0.01    -0.31      -31 0.355702
0.688955    0.685        0   121.32  34.2319     0.01    -0.31      -31 0.355702
0.678955    0.675        0   121.63  34.0323     0.01    -0.31      -31 0.355702
0.668955    0.665        0   121.94  33.8325     0.01    -0.31      -31 0.355702
0.658955    0.655        0  122.255  33.6331     0.01   -0.315    -31.5 0.355702
0.648955    0.645        0  122.565  33.4342     0.01    -0.31      -31 0.355702
0.638955    0.635        0  122.875  33.2356     0.01    -0.31      -31 0.355702
0.628955    0.625        0   123.19  33.0375     0.01   -0.315    -31.5 0.355702
0.618955    0.615        0    123.5  32.8397     0.01    -0.31      -31 0.355702
0.608955    0.605        0   123.81  32.6424     0.01    -0.31      -31 0.355702
0.598955    0.595        0  124.125  32.4457     0.01   -0.315    -31.5 0.355702
0.588955    0.585        0   124.44  32.2495     0.01   -0.315    -31.5 0.355702
0.578955    0.575        0   124.75  32.0538     0.01    -0.31      -31 0.355702
0.568955    0.565        0  125.065  31.8586     0.01   -0.315    -31.5 0.355702
0.558955    0.555        0   125.38  31.6641     0.01   -0.315    -31.5 0.355702
0.548955    0.545        0  125.695  31.4703     0.01   -0.315    -31.5 0.355702
0.538955    0.535        0  126.005  31.2772     0.01    -0.31      -31 0.355702
0.528955    0.525        0   126.32  31.0847     0.01   -0.315    -31.5 0.355702
0.518955    0.515        0  126.635   30.893     0.01   -0.315    -31.5 0.355702
0.508955    0.505        0   126.95  30.7022     0.01   -0.315    -31.5 0.355702
0.498955    0.495        0   127.27  30.5122     0.01    -0.32      -32 0.355702
0.488955    0.485        0  127.585  30.3232     0.01   -0.315    -31.5 0.355702
0.478955    0.475        0    127.9  30.1351     0.01   -0.315    -31.5 0.355702
0.468955    0.465        0  128.215  29.9481     0.01   -0.315    -31.5 0.355702
0.458955    0.455        0  128.535  29.7623     0.01    -0.32      -32 0.355702
0.448955    0.445        0   128.85  29.5776     0.01   -0.315    -31.5 0.355702
0.438955    0.435        0   129.17  29.3941     0.01    -0.32      -32 0.355702
0.428955    0.425        0   129.49  29.2122     0.01    -0.32      -32 0.355702
0.418955    0.415        0  129.805  29.0316     0.01   -0.315    -31.5 0.355702
0.408955    0.405        0  130.125  28.8526     0.01    -0.32      -32 0.355702
0.398955    0.395        0  130.445  28.6752     0.01    -0.32      -32 0.355702
0.388955    0.385        0  130.765  28.4997     0.01    -0.32      -32 0.355702
0.378955    0.375        0  131.085  28.3261     0.01    -0.32      -32 0.355702
0.368955    0.365        0  131.405  28.1544     0.01    -0.32      -32 0.355702
0.358955    0.355        0  131.725  27.9849     0.01    -0.32      -32 0.355702
0.348955    0.345        0  132.045  27.8178     0.01    -0.32      -32 0.355702
0.338955    0.335        0  132.365  27.6532     0.01    -0.32      -32 0.355702
0.328955    0.325        0   132.69  27.4911     0.01   -0.325    -32.5 0.355702
0.318955    0.315        0   133.01   27.332     0.01    -0.32      -32 0.355702
0.308955    0.305        0   133.33  27.1759     0.01    -0.32      -32 0.355702
0.298955    0.295        0  133.655   27.023     0.01   -0.325    -32.5 0.355702
0.288955    0.285        0  133.975  26.8735     0.01    -0.32      -32 0.355702
0.278955    0.275        0    134.3  26.7278     0.01   -0.325    -32.5 0.355702
0.268955    0.265        0   134.62   26.586     0.01    -0.32      -32 0.355702
0.258955    0.255        0  134.945  26.4483     0.01   -0.325    -32.5 0.355702
0.248955    0.245        0  135.265   26.315     0.01    -0.32      -32 0.355702
0.238955    0.235        0   135.59  26.1867     0.01   -0.325    -32.5 0.355702
0.228955    0.225        0  135.915  26.0634     0.01   -0.325    -32.5 0.355702
0.218955    0.215        0  136.235  25.9454     0.01    -0.32      -32 0.355702
0.208955    0.205        0   136.56  25.8333     0.01   -0.325    -32.5 0.355702
0.198955    0.195        0  136.885  25.7274     0.01   -0.325    -32.5 0.355702
0.188955    0.185        0   137.21  25.6279     0.01   -0.325    -32.5 0.355702
0.178955    0.175        0  137.535  25.5354     0.01   -0.325    -32.5 0.355702
0.168955    0.165        0   137.86    25.45     0.01   -0.325    -32.5 0.355702
0.158955    0.155        0   138.18  25.3723     0.01    -0.32      -32 0.355707
0.148955    0.145        0  138.505  25.3022     0.01   -0.325    -32.5 0.355724
0.138955    0.135        0   138.83  25.2397     0.01   -0.325    -32.5 0.355757
0.128955    0.125        0  139.155  25.1848     0.01   -0.325    -32.5  0.35581
0.118955    0.115        0   139.48  25.1371     0.01   -0.325    -32.5  0.35588
0.108955    0.105        0  139.805  25.0963     0.01   -0.325    -32.5 0.355966
0.0989551    0.095        0   140.13  25.0614     0.01   -0.325    -32.5 0.356061
0.0889551    0.085        0   140.46   25.032     0.01    -0.33      -33 0.356161
0.0789551    0.075        0   140.79  25.0071     0.01    -0.33      -33 0.356256
0.0689551    0.065        0   141.12   24.986     0.01    -0.33      -33  0.35634
0.0589551    0.055        0  141.455  24.9681     0.01   -0.335    -33.5 0.356465
0.0489551    0.045        0   141.79  24.9525     0.01   -0.335    -33.5 0.356599
0.0389551    0.035        0   142.13  24.9388     0.01    -0.34      -34 0.356708
0.0289551    0.025        0  142.475  24.9262     0.01   -0.345    -34.5 0.356784
0.0189551    0.015        0   142.82  24.9144     0.01   -0.345    -34.5 0.356818
0.00895508    0.005        0  143.175  24.9029     0.01   -0.355    -35.5 0.356803
